0 0 0 0 0 0 0 0 0 0 0 1 1 0 0.0349982 -2.48174 -0.327873 -0.0372003 -0.0996659 0.577797 -1.67209
1 1 1 1 1 0 1 1 1 1 1 1 1 1 0.0349982 1.79876 -0.418147 2.27291 -0.634078 1.95454 -0.911372
0 1 1 0 0 0 1 1 0 1 1 1 1 2 0.0349982 0.266336 0.850062 -0.198986 -1.06187 1.35659 -0.101768
0 1 0 1 0 1 1 0 0 0 0 1 1 3 0.0349982 -0.297251 1.77377 -0.768499 -0.216337 -0.427765 0.744213
0 0 0 0 0 0 0 1 1 0 0 0 1 4 0.0349982 -0.392588 -1.49136 -0.995832 0.696593 -0.828922 0.0853026
0 1 1 1 0 0 1 1 0 0 1 1 1 5 0.0349982 1.22465 0.0293346 -0.720851 -0.0455733 -1.11786 -0.483892
0 0 1 1 0 0 1 1 1 0 0 1 1 6 0.0349982 -0.088289 -0.309508 -0.00847517 -0.0148282 -0.980612 0.010542
0 0 1 1 1 0 1 0 0 0 1 1 1 7 0.0349982 1.01586 -0.644299 0.551936 -1.30318 -1.89518 0.225488
1 1 1 1 0 0 1 1 0 1 1 1 1 8 0.0349982 0.0933018 0.922977 0.295862 -0.258248 0.61675 -0.426353
1 0 1 1 0 0 1 1 1 1 1 1 1 9 0.0349982 -0.389929 1.74164 -0.396651 0.310903 0.385424 0.25886
1 0 1 0 0 0 0 1 1 0 0 1 2 10 -0.0568654 -0.948668 1.75759 0.187355 0.799974 0.699409 0.165227
1 1 0 1 0 0 0 1 1 1 1 1 2 11 -0.0568654 0.792785 0.0782549 -2.38484 1.03913 0.187425 -0.269544
0 0 0 0 0 0 1 0 0 0 0 0 2 12 -0.0568654 -0.575983 -0.221856 0.802582 0.507594 -2.92303 0.123899
0 0 0 1 0 1 0 1 0 0 0 1 2 13 -0.0568654 -1.76302 -1.08237 1.46674 1.14705 0.250589 -0.0857537
0 0 0 1 1 1 1 0 0 0 0 1 2 14 -0.0568654 0.00218273 -0.276752 0.920478 -0.906737 -1.17318 -0.274275
0 1 0 1 0 0 0 1 0 0 0 0 2 15 -0.0568654 -0.990995 0.300841 0.748119 -0.167834 -1.24644 -1.62912
1 1 1 0 0 0 0 1 0 0 0 0 2 16 -0.0568654 -0.961068 2.36997 -0.916888 1.02774 -0.941198 0.374261
1 1 1 1 1 1 1 1 1 1 1 1 2 17 -0.0568654 2.2229 0.148745 -1.00542 1.21391 -1.06911 0.56749
0 1 1 1 1 1 1 1 1 1 1 1 2 18 -0.0568654 1.82207 -0.111146 1.36814 0.924598 -0.614361 0.765922
0 1 1 1 0 1 1 1 1 1 1 1 2 19 -0.0568654 1.02745 -0.489597 -0.168707 1.31215 0.472367 1.21918
0 0 0 1 0 0 0 1 0 0 0 0 3 20 0.597255 -0.979778 0.0500987 -0.285295 0.424248 -0.15449 -0.270685
1 1 1 1 1 1 1 1 1 1 1 1 3 21 0.597255 2.59384 -2.13064 1.81832 0.0554298 0.775949 2.04703
0 0 1 0 0 0 0 0 0 0 0 1 3 22 0.597255 -1.75893 -1.17368 1.39599 0.272187 0.758674 1.01216
0 0 0 1 1 1 1 1 0 0 1 1 3 23 0.597255 -0.00540477 -1.20055 1.40074 0.665164 -0.242542 1.20201
1 1 1 1 1 1 1 1 0 1 1 1 3 24 0.597255 1.73758 0.006926 1.28102 -1.23729 0.0846063 -1.63655
0 0 0 0 0 0 1 1 0 1 1 1 3 25 0.597255 -0.161862 -1.41158 -0.58364 0.822071 0.280525 0.600172
1 1 1 0 0 1 0 1 0 0 1 1 3 26 0.597255 -0.185139 0.122208 -0.0136854 -0.13069 -0.219467 0.697536
0 0 0 1 0 0 0 1 0 0 0 0 3 27 0.597255 -1.57357 0.0836348 -0.26665 1.19925 -0.854995 0.776063
1 1 1 1 0 1 1 1 1 1 1 1 3 28 0.597255 0.61429 0.27841 0.19905 1.23503 -1.16342 0.912307
0 0 0 0 0 0 0 1 0 0 0 0 3 29 0.597255 -1.97944 -0.543594 0.00756912 -0.801663 -0.464737 -0.238641
0 1 0 1 0 0 1 1 0 1 1 1 4 30 -0.307451 0.152847 0.684459 -1.04101 -1.51981 1.09185 0.4912
0 1 1 1 0 0 0 1 0 0 1 1 4 31 -0.307451 0.144982 1.99057 0.174912 0.187287 0.0130237 -1.1291
0 0 0 0 0 0 0 0 0 0 0 1 4 32 -0.307451 -1.30018 0.533543 -0.51651 -0.0750685 1.10671 -1.01656
0 1 1 0 0 1 0 1 0 0 0 0 4 33 -0.307451 -0.998189 2.17279 -0.054719 0.163307 -1.94907 0.0168426
0 0 0 0 0 1 1 1 1 0 1 1 4 34 -0.307451 -0.879156 -0.361966 0.603527 1.99987 0.628414 -1.57288
1 1 1 1 0 1 1 1 0 0 0 1 4 35 -0.307451 0.965337 0.645747 -0.285553 -0.787818 -0.575414 -0.810842
0 0 0 0 0 0 0 0 0 1 1 1 4 36 -0.307451 -0.831281 -1.96178 -0.140001 1.13996 1.85003 0.219011
0 0 0 1 0 0 0 0 0 0 0 1 4 37 -0.307451 -0.981049 -0.314644 -0.396048 -1.08204 -0.184154 -2.41459
0 0 1 0 0 0 0 1 1 0 1 1 4 38 -0.307451 -0.798764 -0.0094381 -2.02003 -0.0574665 0.932179 0.0616617
0 0 0 0 0 0 0 0 0 0 0 1 4 39 -0.307451 -1.69463 -0.109804 -0.549024 0.892474 0.180774 -0.0579629
0 0 0 0 0 0 0 0 0 0 1 0 5 40 -0.80883 -0.38146 -0.0426409 -0.826655 -1.0286 -0.700761 0.276828
1 1 1 0 0 1 0 1 0 1 0 1 5 41 -0.80883 0.736059 0.624191 -0.381944 -0.954489 -0.235313 1.41184
0 0 1 1 0 0 1 1 0 0 0 1 5 42 -0.80883 0.256429 0.0244042 -1.54672 0.71871 -0.594872 0.611457
0 1 1 1 0 1 0 0 0 1 1 1 5 43 -0.80883 0.424593 0.529351 0.727275 -0.254513 0.377976 -0.217511
1 1 1 1 0 0 1 1 0 1 1 1 5 44 -0.80883 1.63432 0.956751 0.309561 -1.63604 -1.1699 -0.30671
0 0 0 0 0 0 0 0 0 0 0 0 5 45 -0.80883 -3.05819 -0.288038 0.394681 -1.64716 -0.8032 0.143556
0 0 0 0 0 0 0 0 0 0 0 1 5 46 -0.80883 -1.7758 0.0739765 -0.315172 1.07383 1.27186 0.424089
0 0 0 0 0 0 0 0 0 0 0 0 5 47 -0.80883 -2.23918 0.0299117 -0.0552061 1.23912 -0.0486535 -0.856838
0 1 0 0 0 0 0 1 0 0 0 0 5 48 -0.80883 0.385207 -0.0629082 -1.83177 0.115917 -1.22825 -1.29317
0 0 0 0 0 0 0 0 0 0 0 0 5 49 -0.80883 -1.55614 -0.522344 1.12554 -0.5803 0.551971 -1.50149
1 0 1 1 0 0 1 1 1 1 1 1 6 50 0.486608 -0.690452 0.111424 0.150836 0.264237 0.832132 -0.057189
1 1 1 1 1 1 1 1 1 1 1 1 6 51 0.486608 1.49059 0.155482 0.571915 2.50247 1.35515 -0.908538
1 1 1 1 0 0 0 1 0 0 1 1 6 52 0.486608 0.465987 1.49682 -0.32869 -1.5529 -0.530325 0.263454
0 1 1 1 1 1 1 1 0 1 1 1 6 53 0.486608 0.079012 -0.96824 0.246491 -0.141011 -0.0335885 1.1822
0 0 0 1 0 1 1 0 0 0 0 0 6 54 0.486608 -0.619849 -1.73858 -0.00348222 -0.0520318 -0.718528 0.581618
0 0 1 1 1 1 0 1 0 0 0 0 6 55 0.486608 0.776658 -0.785709 1.18187 -2.00887 -2.1399 -0.379402
0 1 0 1 0 0 1 1 1 0 0 1 6 56 0.486608 -1.66356 1.24375 1.70995 1.64801 -0.716005 -0.371662
0 1 1 1 0 0 1 1 0 1 1 1 6 57 0.486608 0.354631 -0.448529 -0.733806 0.341554 0.38149 0.605761
0 0 0 0 0 1 1 1 1 0 0 1 6 58 0.486608 -1.08393 -0.404114 -0.0903745 1.28426 0.0710149 -1.08286
0 1 0 1 1 1 1 1 1 1 1 1 6 59 0.486608 0.547401 -1.30904 0.336452 -0.0622183 1.16548 1.37342
0 0 1 0 0 1 1 1 0 1 1 1 7 60 -0.18275 -0.290758 -1.00769 -0.0875911 0.48896 0.284458 0.93506
1 1 1 1 0 0 0 1 1 0 0 1 7 61 -0.18275 0.489296 1.98943 -0.122709 -0.424181 -0.392795 -0.287354
0 1 1 0 0 0 0 0 0 0 0 0 7 62 -0.18275 -0.76155 2.96791 -0.32201 -2.08095 -2.79254 -1.46102
1 1 0 1 0 0 1 1 1 1 1 1 7 63 -0.18275 0.848443 -1.0536 0.128364 0.864934 0.878137 -1.23381
0 0 0 0 0 0 0 1 0 0 0 0 7 64 -0.18275 -1.181 0.129216 0.576168 0.19091 -1.51595 0.492818
0 0 0 0 0 0 1 0 0 0 0 1 7 65 -0.18275 -1.29698 0.617496 -1.60732 0.457249 -0.142554 -0.436569
0 1 0 1 0 0 1 1 0 1 0 1 7 66 -0.18275 0.848554 -0.760184 0.0158787 -0.550529 0.0522444 -0.881974
1 1 1 1 1 0 1 1 1 1 1 1 7 67 -0.18275 2.26274 -0.171034 0.317356 -0.0567219 0.535858 0.0864069
0 0 0 0 0 0 0 1 0 0 1 1 7 68 -0.18275 -0.384336 0.422223 -1.39165 0.141721 0.457081 1.16306
0 0 1 1 0 1 1 1 1 0 1 1 7 69 -0.18275 -0.115878 -0.950807 0.50674 0.874853 0.232462 0.09263
0 0 0 1 0 0 0 1 0 0 0 1 8 70 -0.352548 0.0733169 -0.196478 1.04118 -0.481172 0.62222 -0.766125
0 1 1 0 0 0 1 1 1 1 1 1 8 71 -0.352548 0.564206 1.49776 -0.0173066 2.08066 0.906733 -0.210147
0 0 1 0 0 0 1 0 0 0 0 0 8 72 -0.352548 -0.66409 1.5329 -0.560149 -0.0768402 0.0573351 -0.593252
0 0 1 1 0 0 0 1 1 0 0 1 8 73 -0.352548 -1.13436 1.91878 0.332424 1.69926 0.0245749 0.337939
0 0 1 1 1 1 1 1 1 1 1 1 8 74 -0.352548 1.04169 -0.28854 0.0720416 1.67905 3.85487 -0.0851516
1 1 1 0 1 1 1 0 0 0 1 0 8 75 -0.352548 0.243726 -0.484741 0.0942686 -1.00729 0.105971 0.901231
1 0 0 1 1 1 1 1 1 1 1 0 8 76 -0.352548 1.63238 -0.312029 1.0559 0.697012 -0.689472 0.964553
0 0 1 0 0 0 0 0 0 0 0 1 8 77 -0.352548 -0.517879 1.50737 -0.342632 0.23745 -0.803092 0.35447
0 1 1 1 1 1 0 0 0 1 1 1 8 78 -0.352548 2.06615 -0.457583 1.08482 -2.26721 0.6947 1.55096
1 1 1 1 1 1 1 1 1 1 1 1 8 79 -0.352548 1.77184 1.12912 1.25688 -0.258738 -0.251455 0.663102
1 0 1 1 0 1 1 1 1 1 1 1 9 80 0.79503 1.38611 -1.04981 1.37542 2.02164 -0.152065 0.561849
0 0 1 1 0 1 1 0 0 0 0 1 9 81 0.79503 0.124096 -1.25835 1.31052 -1.78082 -2.04131 -0.929667
1 1 1 1 1 1 1 1 1 1 1 1 9 82 0.79503 0.985843 -0.657882 2.69247 1.50587 0.308714 -0.293592
1 0 1 1 0 1 0 0 0 0 1 1 9 83 0.79503 0.538748 -0.0837633 0.340623 -2.16976 -0.400468 1.27769
1 1 1 1 1 1 1 1 0 1 1 1 9 84 0.79503 1.36738 0.46486 -0.321617 -0.329983 -0.649201 1.34285
1 1 1 1 1 1 1 0 0 1 1 1 9 85 0.79503 1.59899 -1.29055 -0.266473 -2.49302 0.178542 1.0468
0 0 0 1 0 1 1 1 0 0 1 1 9 86 0.79503 -0.366252 -1.86822 -0.841422 0.307654 -0.410123 0.690619
1 1 1 1 1 0 1 1 1 1 1 1 9 87 0.79503 0.999148 0.326356 -1.24404 1.30922 0.995306 -0.777618
0 0 0 0 0 0 0 1 0 1 1 1 9 88 0.79503 -1.70368 -0.0973144 -2.20934 0.430533 2.06153 -0.382389
1 1 1 1 1 1 1 1 0 1 1 1 9 89 0.79503 0.43407 1.6471 0.149611 -1.49678 0.173414 -0.545475
1 1 1 1 1 1 1 1 0 0 1 1 10 90 0.631355 0.222116 1.73822 1.7492 0.61794 -0.412055 -0.0374044
0 0 0 0 0 0 0 0 0 0 0 0 10 91 0.631355 -1.12487 -0.993799 -0.192126 -2.30372 -0.453286 -0.407475
0 0 1 0 0 0 0 0 0 0 1 1 10 92 0.631355 -1.38438 0.254796 -0.44693 0.298528 0.83623 0.245252
1 1 1 0 1 1 1 1 1 1 1 1 10 93 0.631355 2.6854 -1.58224 -0.468816 1.48695 -1.51953 2.10857
1 1 0 1 0 0 1 1 1 1 1 0 10 94 0.631355 0.536865 -0.973397 -0.89169 1.35912 -0.958158 0.63283
1 1 1 1 0 1 1 1 1 1 0 1 10 95 0.631355 0.638037 -0.767781 -1.22278 0.608935 -0.703643 -0.770475
1 1 1 1 0 1 1 1 1 1 1 1 10 96 0.631355 1.929 -1.09608 1.05781 -0.945855 0.0256452 1.86214
0 0 1 1 1 1 1 1 0 1 1 1 10 97 0.631355 -0.116052 -0.683497 1.17737 -1.39707 2.43539 -0.0999479
0 0 0 0 0 0 0 1 0 0 0 0 10 98 0.631355 -1.92927 -1.60742 0.975899 -0.505421 0.786807 0.453497
1 1 1 1 0 0 0 1 0 1 1 1 10 99 0.631355 -0.0308434 1.70997 -1.55775 -1.62349 0.835953 0.459442
0 0 1 0 0 1 1 1 0 0 0 0 11 100 0.423315 -1.99192 0.638115 0.67593 0.752022 -1.22036 -1.16381
0 1 1 0 0 0 0 0 0 0 0 0 11 101 0.423315 -0.964413 1.44261 -1.40221 -0.889056 -0.981978 -0.678512
0 1 1 0 0 0 0 0 0 1 0 0 11 102 0.423315 -1.00796 -0.979837 -1.54276 0.0767077 0.275362 -0.230719
0 1 1 1 1 1 1 1 0 1 1 1 11 103 0.423315 -0.247734 0.820595 1.51365 0.438506 -0.422498 0.559907
0 0 1 1 0 0 1 1 0 1 0 1 11 104 0.423315 -0.59531 0.0334327 -0.558415 0.136685 -0.557142 -2.0511
1 1 1 1 1 1 1 1 1 1 1 1 11 105 0.423315 1.39575 1.27626 -0.560358 0.163699 1.7719 1.57142
0 1 1 1 1 1 0 1 0 0 0 0 11 106 0.423315 -0.402873 -1.32849 1.31224 -0.365989 -1.29016 0.648809
0 0 1 1 0 0 1 1 0 1 1 1 11 107 0.423315 0.539669 -0.876816 -0.904415 -0.529149 -0.070564 -1.3755
0 0 0 0 0 0 0 0 0 0 0 0 11 108 0.423315 -1.31794 -0.898396 -0.116564 -0.961358 -0.449382 1.36074
1 1 1 1 1 1 1 1 1 0 0 0 11 109 0.423315 0.726717 0.76971 1.51502 -1.1128 -2.17106 -0.626207
1 1 1 1 0 0 1 1 1 1 1 1 12 110 0.513043 0.386555 0.621248 -0.822459 0.825194 1.11527 -0.925472
1 1 0 1 1 0 1 1 0 1 1 0 12 111 0.513043 0.273957 0.22657 -0.0180839 0.138784 0.266554 -0.170677
0 0 1 1 0 1 1 1 1 1 1 1 12 112 0.513043 -0.69545 0.644173 0.595307 1.31027 0.925738 0.265777
0 0 0 1 0 0 0 0 0 0 0 0 12 113 0.513043 -1.16333 -1.7162 -0.00908717 -0.581031 -1.80757 2.03161
1 1 1 1 1 1 1 1 1 1 1 1 12 114 0.513043 2.46174 1.08674 -0.223862 -0.678957 -0.0212187 1.83761
1 0 1 1 1 1 1 1 1 1 1 1 12 115 0.513043 2.3635 -1.83923 1.17712 0.262272 1.17556 1.72565
1 1 1 1 0 1 1 1 0 1 1 1 12 116 0.513043 0.675305 -0.153714 0.559707 -1.80624 -0.127985 0.358631
0 0 0 0 0 0 0 1 1 1 0 0 12 117 0.513043 -2.22841 -0.00315349 -0.22599 0.852795 -0.51326 -0.428989
0 0 1 1 0 0 1 0 0 1 1 1 12 118 0.513043 -0.784683 -0.588144 -0.0377526 -0.689216 0.878529 -1.41094
0 0 1 1 0 0 1 1 0 1 1 1 12 119 0.513043 -0.404358 0.380409 -1.96202 0.417342 0.700985 -0.07963
0 1 0 1 1 1 1 1 1 1 0 1 13 120 -0.268366 1.58371 -0.947979 1.74946 0.264839 -1.2614 0.563498
1 1 1 1 0 0 1 1 0 1 0 0 13 121 -0.268366 1.04517 -0.215946 -0.35241 0.180543 -0.714005 0.340728
0 0 0 0 0 0 0 0 0 0 1 0 13 122 -0.268366 -0.406334 -0.830772 -0.382668 0.884966 -0.494733 -0.527963
0 1 0 0 0 0 0 1 0 0 0 0 13 123 -0.268366 -1.10532 1.31626 -1.29617 1.38625 0.0230746 0.788057
0 0 0 1 0 1 0 0 0 0 0 1 13 124 -0.268366 0.431995 -1.02872 0.333097 -1.76545 -1.16272 0.508676
0 0 0 1 1 1 1 1 0 0 1 0 13 125 -0.268366 0.42271 -1.46338 0.940297 -0.314119 -2.03127 2.71798
0 0 1 1 0 0 1 1 1 0 0 0 13 126 -0.268366 0.55158 -0.798317 -0.906861 0.0517661 -2.16303 -0.901928
0 0 0 0 0 0 0 0 0 0 0 0 13 127 -0.268366 -1.88524 -0.659163 0.918441 0.0864968 -1.60198 -0.69742
0 0 0 0 0 1 0 0 0 1 0 0 13 128 -0.268366 -1.77222 -1.11741 -0.159441 -1.66065 0.9064 -1.94702
0 1 1 1 0 1 0 0 0 0 0 0 13 129 -0.268366 -0.102959 2.10606 1.42376 -1.47194 -0.552445 -1.1587
1 1 1 1 0 0 1 1 1 0 1 1 14 130 -0.136758 0.555098 1.83315 -0.208224 1.47295 -0.135939 0.0736263
0 0 0 1 0 1 1 1 0 0 1 1 14 131 -0.136758 -0.834323 -1.23097 1.54208 1.25659 1.58948 -2.73815
0 1 0 1 0 1 0 1 0 0 0 1 14 132 -0.136758 -0.468875 1.00064 1.08448 0.131619 -0.304882 -0.306848
0 1 0 1 0 1 1 1 0 1 1 1 14 133 -0.136758 0.935494 2.11488 0.927143 0.105695 1.53606 1.40869
1 0 1 1 1 1 1 1 1 0 1 0 14 134 -0.136758 0.848423 1.09133 2.4603 1.22337 -1.30872 -0.23388
0 0 0 0 0 1 0 0 0 0 0 1 14 135 -0.136758 -0.505526 0.603069 -0.0687755 -2.05894 -0.205067 -0.779816
1 0 0 0 0 0 1 1 0 0 1 1 14 136 -0.136758 -0.137743 -0.88487 -0.838512 0.234072 -0.184656 -0.428017
1 0 1 1 0 1 1 1 1 1 1 1 14 137 -0.136758 2.79802 -0.286265 1.24935 -0.599762 -0.334499 0.649622
1 0 1 0 0 0 0 1 1 1 1 0 14 138 -0.136758 0.656184 -0.394464 -1.12035 0.2615 0.043027 -0.121697
0 1 1 1 0 0 1 1 1 0 0 1 14 139 -0.136758 0.235449 1.09591 0.374375 1.0583 -0.695897 1.96268
0 0 0 1 0 0 0 0 0 0 1 0 15 140 1.12353 -1.22315 -0.70187 -0.573164 -0.472029 -0.284602 -0.0949909
1 1 1 1 1 1 1 1 1 1 1 1 15 141 1.12353 1.15986 0.356653 -0.0714353 -0.00840288 1.19555 0.618582
0 0 0 1 1 1 1 1 0 0 1 1 15 142 1.12353 -0.750122 -0.118105 1.12435 0.946134 -0.551827 -0.696221
1 1 0 1 1 1 1 1 1 1 1 1 15 143 1.12353 0.351935 1.50361 -0.166398 -0.31894 -0.811223 -0.613909
0 0 0 1 1 0 1 1 0 1 0 0 15 144 1.12353 -1.0817 -1.39719 0.256094 -1.20937 -0.751057 -0.208547
0 0 0 1 1 1 0 1 1 0 0 0 15 145 1.12353 -1.01553 -1.54972 1.87566 -0.0825048 -1.25522 -1.2159
1 1 1 1 1 1 0 1 0 0 1 1 15 146 1.12353 -0.150803 0.43135 0.376528 0.376384 -0.122705 1.55854
1 1 1 1 0 0 1 1 0 0 1 1 15 147 1.12353 -0.681973 1.46007 -1.79906 -0.833765 -0.0828281 -1.86342
1 1 1 0 0 0 0 1 0 0 0 1 15 148 1.12353 -0.902649 2.49331 -1.84676 -0.104729 -0.73181 0.522956
0 0 1 0 0 0 1 1 1 0 0 1 15 149 1.12353 -1.60535 -0.313966 -0.695581 1.04526 -1.23729 -0.775626
1 1 1 1 1 1 1 1 0 1 1 1 16 150 0.674826 1.30769 -0.193303 0.939267 0.422233 1.02863 0.384915
1 1 1 1 1 1 1 1 1 1 1 0 16 151 0.674826 2.46587 -0.0481651 0.426844 -0.097638 -0.333164 0.329739
0 0 1 1 1 0 0 1 1 1 1 1 16 152 0.674826 -0.381727 -0.566994 0.711944 -0.351499 1.51021 1.14763
0 1 1 1 0 0 1 1 1 1 1 1 16 153 0.674826 0.136157 -0.775518 -0.96629 0.325415 0.954411 1.52299
1 1 1 1 1 0 0 0 0 1 1 1 16 154 0.674826 -0.115354 1.08452 0.0388597 -1.97707 1.44392 -0.244792
0 0 1 1 1 1 1 1 0 0 0 1 16 155 0.674826 -0.96525 0.850968 1.47901 -0.765058 0.347419 0.887587
0 0 0 0 1 0 0 0 0 0 0 0 16 156 0.674826 -2.38561 -0.956985 -0.119376 0.946484 -0.981839 -1.42566
1 1 1 1 1 1 1 1 0 1 1 1 16 157 0.674826 1.24765 0.829317 -0.0279545 0.10789 0.194275 0.53323
0 0 1 1 0 0 1 1 1 1 1 1 16 158 0.674826 0.596681 -1.22938 -0.103388 -0.344109 2.43821 -0.386399
0 0 0 0 0 0 0 0 0 0 0 1 16 159 0.674826 -1.77961 -0.185077 -0.173622 -0.343653 0.583729 -1.42667
1 1 1 1 1 0 1 1 1 0 1 0 17 160 -0.279166 1.34702 0.568256 -0.382404 0.932547 -1.34576 1.59154
0 0 0 0 0 0 0 1 0 0 0 0 17 161 -0.279166 -1.13521 -0.424452 -0.179859 -0.705584 0.173046 -1.54707
0 1 1 1 0 0 1 1 1 1 0 0 17 162 -0.279166 0.235908 -0.174936 -0.451599 0.566291 -0.134945 0.357318
0 1 1 1 1 1 1 1 0 1 1 1 17 163 -0.279166 2.19961 -0.926433 0.596901 0.0157543 1.59029 1.54752
1 1 0 1 1 1 1 1 1 1 1 1 17 164 -0.279166 1.46139 -0.470387 1.21259 0.363851 1.70102 -1.2768
0 0 0 1 0 1 1 1 0 0 0 1 17 165 -0.279166 -0.029548 -0.738762 -0.304199 1.07992 -0.643057 -1.32549
0 0 1 0 0 0 0 0 1 0 0 0 17 166 -0.279166 -2.67622 1.07377 0.450082 0.477436 1.29427 -2.10048
0 0 0 0 0 0 0 1 0 1 1 1 17 167 -0.279166 -0.216886 -1.24516 -0.586139 0.611387 0.301502 0.307245
0 1 0 1 0 1 0 0 0 0 1 0 17 168 -0.279166 -0.375444 0.513455 0.758051 -0.796016 1.00099 0.538115
0 0 0 1 0 0 1 1 1 0 0 1 17 169 -0.279166 0.890296 -0.904876 -1.14155 0.418234 -0.573449 0.724847
0 1 1 1 0 1 0 0 0 1 1 1 18 170 0.36175 0.401533 0.137399 -0.16988 -1.65021 -0.35997 0.428515
1 1 1 1 1 1 1 1 0 1 1 1 18 171 0.36175 1.02564 0.550373 1.16136 0.063721 1.47872 0.715159
1 1 0 1 0 1 1 1 1 0 0 0 18 172 0.36175 0.322203 0.117193 -0.101999 0.802968 -1.99966 0.317663
1 1 1 1 1 1 1 1 0 1 1 1 18 173 0.36175 1.98243 -0.163745 0.888161 -0.239131 -1.40534 -0.292207
0 0 0 1 0 1 1 1 1 1 1 1 18 174 0.36175 -0.308388 -0.97826 0.468441 1.18823 2.4222 -0.946249
1 1 0 1 1 1 1 1 0 0 1 1 18 175 0.36175 -0.499161 1.02345 2.16746 0.411583 -0.839788 -0.422319
1 1 1 1 1 1 1 1 1 1 1 1 18 176 0.36175 2.43405 0.248007 -0.753484 1.13674 -1.98341 0.132435
1 1 1 1 0 1 0 1 0 1 1 1 18 177 0.36175 0.229794 0.480307 -0.068626 -0.745484 0.0722269 -0.410639
1 0 0 1 1 0 0 1 0 0 1 1 18 178 0.36175 0.526125 0.043582 -0.452703 -2.21252 -0.12333 1.18175
1 1 1 1 1 1 1 1 1 1 1 1 18 179 0.36175 2.66793 -0.526195 -0.16122 0.0652345 0.037445 -0.55149
0 0 1 1 0 0 0 1 0 0 0 0 19 180 -0.2944 -0.464828 0.769117 0.0199163 -0.110501 -0.436439 -0.0326993
0 0 1 0 0 0 1 1 0 0 0 0 19 181 -0.2944 -0.374764 -1.08589 -0.384564 0.675126 -1.00836 -0.831394
0 0 0 1 0 0 1 1 0 0 0 0 19 182 -0.2944 -0.444913 0.0186305 -0.872775 1.10795 0.641252 -1.107
0 0 1 1 0 0 0 0 0 1 0 1 19 183 -0.2944 -0.94067 0.97785 1.53814 -1.66555 0.869962 -0.858899
0 1 0 1 1 0 1 1 0 1 1 1 19 184 -0.2944 0.878392 -1.51117 0.615251 -0.153645 1.77468 1.69831
0 0 0 0 0 0 1 1 1 0 1 1 19 185 -0.2944 -0.269054 -0.320275 -0.945352 1.54905 0.473871 0.924561
0 1 1 1 0 0 0 0 0 0 0 0 19 186 -0.2944 -0.818002 2.17317 1.24002 -0.391656 -1.04355 -0.186928
0 0 0 1 1 0 0 1 0 1 1 1 19 187 -0.2944 -0.15294 -0.860474 1.22712 0.0284124 0.479536 -2.15936
0 0 0 0 0 0 0 1 1 0 0 0 19 188 -0.2944 -1.03645 -1.82107 0.160838 0.220168 -1.66452 -1.02384
0 0 0 0 0 0 0 0 0 0 0 1 19 189 -0.2944 -0.954023 -0.846067 -0.784825 -0.149638 0.0372055 0.920405
0 0 0 1 0 0 1 1 0 1 1 1 20 190 0.643561 -1.10777 0.0682666 -0.37676 -1.01769 1.38951 -0.119671
0 1 0 0 0 0 0 1 0 0 0 1 20 191 0.643561 -1.11236 0.280624 -2.15168 0.908133 -0.395164 -0.559178
1 1 1 1 0 0 1 1 1 1 1 1 20 192 0.643561 0.983 1.71469 -0.31686 -1.30381 0.832036 -0.405748
0 0 0 1 0 1 0 1 0 0 0 1 20 193 0.643561 -1.75636 -0.913573 0.172277 0.00949364 0.273148 -2.83721
0 1 1 1 0 1 1 1 0 1 1 1 20 194 0.643561 1.23225 -0.403443 -0.82788 -0.849127 -0.302851 0.00213355
0 0 0 1 0 1 1 0 0 0 1 0 20 195 0.643561 -1.21595 -1.27831 -0.77466 0.843452 1.13059 -1.35886
0 0 0 1 0 0 0 1 0 0 0 1 20 196 0.643561 -1.48581 0.0697994 0.0716969 -0.192449 0.0875158 1.13332
0 1 1 1 1 1 1 1 0 1 1 1 20 197 0.643561 0.455356 0.196454 2.10263 -0.812561 1.08374 0.326881
0 0 1 1 0 0 0 1 0 0 1 1 20 198 0.643561 -0.753473 0.955361 0.538648 1.01226 1.5297 -0.363301
0 0 1 1 1 0 1 1 0 1 1 0 20 199 0.643561 0.457558 0.693195 -0.534929 0.158276 0.18225 -0.140528
1 0 1 0 0 0 1 1 0 1 1 1 21 200 0.210012 0.302869 1.26338 -0.991783 -0.556312 0.90048 0.204576
0 0 0 1 0 0 1 1 1 1 1 1 21 201 0.210012 -0.361397 -0.714784 -0.248334 1.41674 1.13031 -0.838405
1 1 1 1 1 1 1 1 0 1 1 1 21 202 0.210012 1.34545 0.288402 0.179952 -0.908907 1.75675 0.932135
0 0 1 1 0 0 1 1 0 1 1 1 21 203 0.210012 0.171313 0.235589 -1.04947 1.58011 0.0838594 -1.47989
1 1 1 1 0 0 1 1 1 0 1 1 21 204 0.210012 1.41723 0.834757 -1.61037 0.737747 -1.92228 1.55433
1 1 1 1 1 1 1 1 1 1 1 1 21 205 0.210012 2.08061 1.78948 -0.192638 0.0659164 0.497976 0.649154
0 0 0 1 0 0 0 0 0 0 0 0 21 206 0.210012 -1.91782 0.715848 -2.1059 -0.586342 -1.11554 0.874352
1 1 1 1 0 0 0 0 0 1 1 1 21 207 0.210012 0.727197 0.175482 -1.9941 -1.99334 0.294598 -1.91005
0 0 0 1 0 0 1 1 0 0 0 1 21 208 0.210012 -0.712286 0.240042 0.411587 1.29924 -0.224556 -0.21281
0 0 0 0 0 0 0 0 0 0 0 0 21 209 0.210012 -0.919248 -0.32245 0.408673 -1.74937 -1.12857 1.38984
0 0 1 0 0 1 0 0 0 1 0 1 22 210 -0.607017 -1.50856 0.129229 1.07404 -0.108971 1.22345 1.69327
0 0 0 0 0 0 0 1 0 0 0 1 22 211 -0.607017 -1.61721 -0.691442 -0.155035 -0.0544677 -0.594658 -1.46262
0 0 1 0 0 0 0 0 0 0 0 0 22 212 -0.607017 -1.14866 0.759208 0.102859 -0.154119 0.441798 -0.226736
0 0 0 0 0 0 0 1 0 0 0 0 22 213 -0.607017 -1.10077 -0.805523 -2.10882 1.16561 -0.0367131 -0.764538
1 1 1 1 0 0 1 1 1 0 1 0 22 214 -0.607017 0.745817 1.75183 -1.26033 1.43978 -0.604505 -1.43207
1 0 1 1 1 1 0 0 0 0 1 1 22 215 -0.607017 0.307388 0.226258 0.293099 -1.63746 0.171916 0.233919
0 0 1 0 0 0 1 1 0 1 1 1 22 216 -0.607017 0.360479 -0.98172 -1.63664 -0.131676 1.51425 0.58632
1 1 1 1 1 1 1 1 1 1 1 0 22 217 -0.607017 1.88058 1.76331 0.210507 1.51758 -0.465719 0.0193852
0 0 1 1 0 0 1 1 1 0 0 1 22 218 -0.607017 0.507816 -0.485082 0.322388 1.54481 0.0382902 -1.41652
0 0 0 0 0 0 0 0 0 0 0 0 22 219 -0.607017 -1.56011 0.0765611 -3.09774 0.0828075 -1.15949 1.34317
0 0 0 0 0 1 1 1 0 0 0 1 23 220 0.0816467 -0.402965 -1.95322 0.26605 -0.443879 -0.234599 0.209207
1 1 1 1 1 1 1 1 1 0 1 0 23 221 0.0816467 1.42787 -0.301861 2.27611 0.247656 -1.62708 -0.0620931
0 0 1 1 0 0 1 1 1 1 1 0 23 222 0.0816467 1.31353 -1.05827 -0.360245 0.913699 -1.14614 -1.10076
0 0 0 0 0 1 0 1 0 0 1 1 23 223 0.0816467 -1.60716 -0.787674 -0.0878389 0.554027 1.45724 -1.09641
0 0 1 0 0 0 1 0 0 0 0 0 23 224 0.0816467 -2.40039 0.48562 -0.85864 0.844416 -0.966333 -0.941296
0 0 1 1 0 0 0 0 0 1 1 1 23 225 0.0816467 -0.151885 1.26674 -0.903655 -1.25917 1.02494 0.799242
0 1 0 1 1 1 1 1 0 0 0 1 23 226 0.0816467 -0.77859 -0.573344 1.91058 -0.147494 -0.944484 -0.567965
0 0 0 0 0 0 0 0 0 0 0 1 23 227 0.0816467 -2.5206 -1.09278 0.323722 -1.12851 0.74858 -2.38652
1 1 1 1 1 0 1 0 0 1 1 1 23 228 0.0816467 1.52754 -0.915988 -0.428206 -1.46132 1.28862 0.350498
0 1 1 0 1 0 1 1 0 1 0 1 23 229 0.0816467 -0.981331 -0.497575 0.718763 0.659197 -0.281345 -0.430432
0 0 0 0 0 0 0 0 0 0 0 0 24 230 -0.854638 -0.134663 -0.602668 -1.06504 -0.588629 -0.614224 0.382403
0 0 1 1 1 1 1 1 1 1 1 1 24 231 -0.854638 1.94542 -0.399696 0.703695 -0.286646 -1.0721 0.754968
0 0 0 1 1 1 1 1 0 0 0 1 24 232 -0.854638 1.07148 -1.07215 -0.14578 0.276845 -1.0671 1.6482
0 0 0 0 1 0 0 0 0 0 0 1 24 233 -0.854638 -1.28489 -0.183593 0.455592 -0.396852 -0.384632 -0.624592
0 0 0 1 1 1 0 0 0 0 0 0 24 234 -0.854638 0.376938 -0.697536 1.13855 -1.11656 -1.58803 1.054
0 0 0 0 0 1 0 0 0 0 0 0 24 235 -0.854638 -0.938293 0.0154402 1.90451 0.212193 -0.958561 0.532024
0 0 0 0 0 0 0 0 1 0 1 1 24 236 -0.854638 -1.16371 0.701313 0.732581 0.626873 1.14502 1.07933
0 0 0 0 0 0 0 1 0 1 1 1 24 237 -0.854638 -0.385939 -1.06568 -1.0275 0.194042 2.09248 0.569964
1 0 1 1 1 0 1 1 0 1 1 1 24 238 -0.854638 1.69183 -0.626193 0.53466 -0.451347 1.05934 -0.817333
0 0 0 0 0 0 0 0 0 0 0 0 24 239 -0.854638 -0.43623 -0.0259605 -0.566284 -0.839879 -1.5598 0.44769
1 0 0 0 0 0 0 1 0 0 0 0 25 240 0.172092 -0.45352 0.271157 -1.65402 -1.25943 -0.245615 0.00329387
0 0 1 1 1 1 1 1 0 1 1 1 25 241 0.172092 1.31522 -2.43468 1.00429 1.06566 1.12207 0.308064
0 0 1 1 1 1 1 0 0 1 1 1 25 242 0.172092 0.780318 0.495345 0.932582 -0.299018 -0.161575 2.26762
0 0 0 0 0 0 1 1 1 0 0 0 25 243 0.172092 -0.724183 -0.918282 -0.556036 1.01155 -1.69661 -2.30867
0 1 0 1 0 0 1 1 0 1 1 1 25 244 0.172092 0.596515 0.540756 -0.137585 0.443743 0.720111 1.95721
1 1 1 1 0 1 1 1 1 1 0 1 25 245 0.172092 0.414152 1.84772 0.513153 0.862748 -0.217356 0.958217
0 1 0 1 1 0 1 1 0 1 1 1 25 246 0.172092 -0.00671392 0.22334 0.0550276 -0.174109 -0.0729305 1.17886
0 0 1 0 0 1 1 0 1 0 0 0 25 247 0.172092 1.13175 -1.50456 -0.177307 -0.381035 -3.29715 -0.590907
0 1 0 1 0 1 1 0 1 0 0 1 25 248 0.172092 -0.12792 0.701037 -1.25027 0.670679 0.335098 0.663648
0 1 1 1 1 1 0 1 0 0 1 1 25 249 0.172092 -1.13826 1.7976 1.72141 0.917775 1.38804 -1.53951
0 0 0 0 0 0 0 0 1 0 0 0 26 250 0.173783 -1.10326 0.76764 -0.357557 -0.542552 -0.75965 0.21527
0 0 0 0 0 1 0 1 0 0 0 1 26 251 0.173783 -1.05017 0.765562 0.330116 0.543642 0.126971 1.57914
1 0 1 1 0 0 1 1 0 1 1 1 26 252 0.173783 -0.262651 0.191397 -0.11426 0.224899 1.95316 0.26839
1 0 1 1 0 1 1 1 0 1 1 1 26 253 0.173783 1.2065 0.466847 -0.658441 0.822345 -0.153181 0.0900148
0 1 1 1 1 0 0 1 0 0 0 1 26 254 0.173783 -0.281378 0.613234 0.735386 -1.3665 0.0632621 0.93999
1 1 1 1 0 1 0 0 0 0 0 0 26 255 0.173783 -1.03911 2.52714 0.690402 -1.37934 -0.231991 0.0977407
0 0 0 0 0 0 0 1 0 0 0 1 26 256 0.173783 -1.67408 -1.13163 0.0838929 1.48387 -0.0341235 -0.46166
0 0 0 1 0 0 0 0 0 0 1 1 26 257 0.173783 -0.951126 0.317616 0.537181 -2.02379 1.38874 -2.27467
0 1 0 1 1 1 1 1 1 1 1 1 26 258 0.173783 0.466278 0.614829 0.138066 0.0608438 0.765661 1.70447
1 1 0 1 1 1 1 1 1 0 1 1 26 259 0.173783 0.449861 -0.46761 1.40942 -0.349469 -0.471861 -0.74141
0 0 0 0 0 0 0 0 0 0 0 0 27 260 0.0383861 -1.41452 -0.298314 -0.970961 -1.15559 0.131131 -0.84794
0 0 1 1 0 1 1 1 0 0 0 0 27 261 0.0383861 0.595842 -1.46674 0.233135 0.225471 -1.23404 0.308676
1 1 1 1 1 1 1 1 1 1 1 1 27 262 0.0383861 1.0772 0.256415 0.820569 0.490083 -0.276972 1.96164
0 0 1 0 0 1 1 1 1 0 0 0 27 263 0.0383861 -1.12558 -0.00240197 -0.112839 1.53206 -0.439894 0.293607
0 1 1 1 0 0 1 0 1 1 1 1 27 264 0.0383861 -0.378364 1.46808 -0.923409 -0.473786 1.70687 1.09953
0 0 0 1 1 0 1 1 1 1 1 1 27 265 0.0383861 0.148327 -1.28953 -0.579088 -0.41689 0.671566 0.071167
0 0 1 1 0 0 1 1 1 1 0 1 27 266 0.0383861 0.141984 0.321485 -0.769967 -0.0386118 -0.268033 0.179792
0 0 0 1 0 0 0 0 0 0 0 0 27 267 0.0383861 0.00120426 0.166605 0.228597 -2.63751 -0.634259 0.0698121
1 0 1 1 1 1 0 1 0 0 0 1 27 268 0.0383861 0.417221 -1.01096 1.75992 -2.48476 -1.02703 1.06799
1 1 0 1 1 1 1 1 1 1 1 1 27 269 0.0383861 2.80807 0.27435 -0.945767 -0.0505719 0.0776702 1.71463
0 0 0 0 0 0 0 0 0 0 0 0 28 270 0.114788 -1.31929 0.532037 -0.814852 -0.142514 0.730523 -0.0576274
1 1 1 1 0 1 1 1 0 1 1 1 28 271 0.114788 0.346309 1.09654 0.649962 0.0708905 1.82919 0.241649
0 1 1 1 0 1 1 1 0 0 1 1 28 272 0.114788 0.536633 -0.783948 0.305354 -0.259437 -0.404659 -0.629084
0 0 1 0 0 0 1 1 0 0 0 0 28 273 0.114788 -1.8078 0.146323 -0.516573 0.998527 0.678493 -0.742911
0 0 0 1 0 1 0 0 0 1 1 1 28 274 0.114788 0.309995 -0.981684 0.184299 -1.88776 -0.173904 -0.0842404
0 0 1 0 0 1 0 0 0 0 0 1 28 275 0.114788 -1.75971 1.62764 0.778434 -0.489941 0.0623384 1.83349
0 1 0 1 1 1 0 1 0 1 1 1 28 276 0.114788 0.117259 -0.859491 1.27233 -0.530782 0.143702 -1.18334
0 0 1 1 0 1 1 1 0 1 1 1 28 277 0.114788 1.29096 -1.05581 -0.369221 1.11735 0.890678 -0.844339
0 1 1 0 0 1 0 1 0 0 1 0 28 278 0.114788 -0.193078 0.358666 0.438126 -0.980895 -0.749528 -0.124158
0 0 0 1 0 0 1 1 0 0 1 1 28 279 0.114788 -0.187083 -1.01612 -0.731823 0.352641 0.0519247 -0.506785
0 1 1 1 0 1 1 1 1 1 1 0 29 280 0.0921358 0.038703 -0.065209 0.113321 0.388107 -0.409856 0.904477
0 1 0 1 0 1 0 0 0 1 1 1 29 281 0.0921358 0.0541861 -0.156563 0.397114 -1.68766 0.343966 -1.47675
0 1 0 0 0 0 0 0 0 1 0 1 29 282 0.0921358 -1.74755 -0.365178 0.834217 -0.527264 0.696532 -1.83801
0 0 1 0 0 0 0 1 0 0 0 1 29 283 0.0921358 -1.66182 0.349355 -0.616949 0.455187 0.377969 0.219519
1 1 0 1 1 1 1 1 1 1 1 1 29 284 0.0921358 1.26314 -0.294377 0.581578 -1.48507 0.489405 0.776702
0 0 0 1 1 1 0 1 0 0 0 1 29 285 0.0921358 0.0393103 -1.87605 0.175157 -0.375605 -0.883061 0.112686
0 1 0 1 1 1 1 1 1 1 1 1 29 286 0.0921358 0.824397 -0.459695 0.0784229 0.866045 1.1983 0.477782
1 1 1 1 1 1 1 1 1 1 1 1 29 287 0.0921358 0.899462 -0.294103 0.763731 -0.439323 0.226915 -0.153631
1 1 1 1 0 0 0 1 0 0 1 0 29 288 0.0921358 0.19842 1.18777 -0.632524 0.00431569 -0.800676 1.02363
1 1 1 1 1 0 0 1 0 0 1 1 29 289 0.0921358 1.56378 -0.447159 -0.640481 -1.96135 -1.66165 1.82077
0 1 1 1 0 1 1 1 0 1 1 1 30 290 0.54563 -0.0689237 0.962883 0.428279 -0.747424 1.67241 0.363291
1 1 1 1 0 1 1 1 1 1 1 1 30 291 0.54563 2.04093 0.350324 -0.125005 2.13342 0.150702 -0.752366
0 1 1 1 0 0 0 0 0 0 1 1 30 292 0.54563 -0.259899 -0.504272 -0.0285921 -1.1132 0.841474 -0.726124
0 0 0 0 0 0 1 1 1 0 1 1 30 293 0.54563 -0.823915 0.392248 -0.90897 1.22668 1.15817 -1.03162
1 1 1 1 0 0 1 1 0 0 0 1 30 294 0.54563 0.355239 1.51456 -0.377454 -0.72158 -1.62172 1.51249
0 1 0 1 0 0 1 1 1 1 1 1 30 295 0.54563 0.459721 0.392888 0.0860972 1.35829 -0.511213 0.00261441
0 0 0 1 0 1 1 1 0 1 1 1 30 296 0.54563 -0.910426 -0.407173 0.401258 1.44448 1.28575 -0.112088
0 0 0 1 1 1 0 1 0 0 0 1 30 297 0.54563 -1.07737 -1.75667 1.04193 0.200251 -0.404588 -0.608819
0 0 1 0 0 0 0 0 0 0 1 1 30 298 0.54563 -0.933333 0.221488 -1.99598 -1.6038 0.33963 -0.480817
1 1 1 1 0 0 1 1 1 1 1 1 30 299 0.54563 1.24256 -0.69974 -1.32704 1.20351 -0.554381 -1.02669
0 0 0 0 0 0 0 0 0 0 0 0 31 300 -0.505446 -2.64416 0.110251 -0.587212 -0.468081 -1.42429 -1.87189
1 1 1 1 0 0 1 1 1 0 0 1 31 301 -0.505446 0.864049 1.9102 0.167013 0.899267 -0.915814 -0.881239
1 1 1 1 1 1 1 1 1 1 1 1 31 302 -0.505446 2.32376 1.9436 0.974792 0.199562 -0.692949 1.45709
0 1 1 0 0 0 0 0 0 0 0 0 31 303 -0.505446 -0.372202 0.687384 -0.89008 -0.469548 -1.59973 0.573868
0 1 0 1 0 1 0 0 0 1 0 1 31 304 -0.505446 0.520498 -0.998683 0.907664 -0.185427 -0.308255 -0.615575
1 0 0 1 1 1 1 0 0 0 1 1 31 305 -0.505446 0.198499 0.560814 1.19742 -0.635768 0.659815 0.519402
0 1 1 1 0 1 0 1 0 0 0 1 31 306 -0.505446 -0.591121 1.81 0.290358 -0.351905 0.193365 0.0988234
0 0 0 1 0 0 1 1 1 1 0 1 31 307 -0.505446 0.269687 -0.340709 -0.0388286 1.67803 1.14449 1.02785
0 0 1 1 0 1 1 1 0 0 0 0 31 308 -0.505446 -0.340903 -0.0424487 0.488824 -0.0982943 -0.660628 -0.527769
0 0 0 1 0 0 1 0 0 0 0 1 31 309 -0.505446 -0.835283 -0.118251 -0.440603 0.253088 0.599471 0.0295819
0 1 1 0 1 1 1 1 1 0 1 1 32 310 0.272931 0.557076 1.01146 1.96107 0.875958 -0.13358 0.0972695
0 0 1 0 0 0 0 1 1 0 1 0 32 311 0.272931 0.630146 -0.379525 -1.18787 0.282116 -0.111903 -0.996242
0 0 0 0 1 1 0 0 0 0 1 0 32 312 0.272931 -1.52044 0.0238201 0.520982 -1.9485 0.920768 0.804802
0 0 0 1 1 1 0 0 1 0 1 0 32 313 0.272931 0.271332 -1.64127 0.516062 0.123967 -0.946705 -0.0730435
0 1 1 0 1 1 0 1 0 1 1 1 32 314 0.272931 -0.0242658 0.32162 1.2934 -0.949933 -0.117508 -0.721723
0 0 1 1 0 1 1 0 0 1 1 1 32 315 0.272931 -0.285595 -1.0424 1.80929 -0.224431 0.812661 0.650289
0 1 0 0 0 1 0 1 0 0 0 1 32 316 0.272931 -1.22542 -0.0520105 1.09457 0.183477 0.355548 0.0643064
0 1 0 1 1 0 0 1 0 1 0 0 32 317 0.272931 -0.261274 0.403635 -0.151996 0.850133 0.408339 -0.976698
1 1 1 1 1 0 1 1 0 0 1 0 32 318 0.272931 0.425861 -0.246651 -0.205015 -0.0941104 -0.844169 0.357437
1 1 0 1 0 0 1 1 1 1 1 1 32 319 0.272931 0.753386 1.3932 -0.796751 -0.334431 0.0591754 0.0551888
0 0 1 0 0 0 1 0 1 1 1 1 33 320 0.21143 0.0814395 -1.93131 -0.849215 0.253551 1.96057 0.767707
1 1 1 1 1 0 0 1 0 1 0 0 33 321 0.21143 0.143306 2.52164 -0.0360943 -1.41197 0.342151 0.603779
0 0 1 0 0 0 0 1 0 0 0 1 33 322 0.21143 -2.74065 1.13324 1.26033 1.36679 0.968348 -1.67508
0 0 0 0 0 0 0 0 0 0 0 1 33 323 0.21143 -1.22788 -1.44052 -0.306378 0.238114 -0.0177293 -0.475761
0 0 1 1 0 0 1 1 1 1 1 1 33 324 0.21143 0.0453947 -2.10025 -1.8326 1.53233 0.874433 -0.802713
1 1 1 1 1 1 1 1 1 1 1 1 33 325 0.21143 1.42442 1.14809 0.536858 0.480508 -0.802727 1.00473
1 1 1 1 1 1 1 1 0 1 1 1 33 326 0.21143 0.982474 1.11929 0.81955 0.960695 0.146698 0.031917
0 1 1 1 1 1 0 1 1 1 1 1 33 327 0.21143 0.63156 0.589689 1.50697 1.35531 0.128622 1.28354
1 1 1 1 1 1 1 1 1 1 1 1 33 328 0.21143 2.2538 -0.566183 1.01756 0.709637 -1.46666 3.55987
0 1 0 1 0 1 1 1 1 1 1 1 33 329 0.21143 -0.273189 -0.542421 0.0330438 0.132629 1.08247 -0.17414
1 1 1 1 0 0 0 0 0 0 0 1 34 330 0.483583 -0.996697 1.35127 -1.18501 0.296468 -0.319188 -0.195969
1 1 1 1 0 0 1 1 1 1 1 1 34 331 0.483583 1.51925 -0.748859 -1.17892 -0.303309 -0.016618 1.18593
0 0 0 1 1 0 1 1 1 0 1 1 34 332 0.483583 -0.086258 -0.43546 -0.123256 1.4686 -0.1778 0.80955
0 0 1 0 0 0 0 1 0 0 0 1 34 333 0.483583 -1.59871 0.117589 -0.115607 0.447081 0.738385 0.827772
0 0 0 1 0 0 1 1 1 0 1 1 34 334 0.483583 -1.05983 -0.11123 -0.566024 0.796525 0.241802 -0.37863
1 1 0 1 1 1 1 1 0 1 1 0 34 335 0.483583 1.58378 -0.13284 0.624557 0.44416 -1.31936 0.246211
0 0 0 0 0 0 0 1 0 0 0 0 34 336 0.483583 -1.76491 -0.418012 0.126432 -0.877112 0.384153 -0.162969
0 0 1 1 0 0 1 1 0 1 1 1 34 337 0.483583 -0.176993 -0.172936 -1.06385 0.229685 1.67707 -1.2837
0 0 0 0 0 1 1 1 0 1 0 0 34 338 0.483583 -0.228604 -0.135776 -0.230534 0.38978 -0.615525 0.934825
0 0 0 1 0 1 0 1 0 0 1 0 34 339 0.483583 -0.427832 -2.15252 0.492073 1.19799 -0.276515 0.171437
0 1 1 0 0 0 0 0 0 1 1 1 35 340 0.694411 -0.847471 0.0963432 -0.189917 -1.01591 1.06489 -0.330738
1 1 1 1 1 1 1 1 1 1 1 1 35 341 0.694411 1.324 0.0364775 -0.465287 1.01308 -1.16185 0.479807
0 1 1 1 1 0 1 1 1 1 1 1 35 342 0.694411 -0.0124431 -0.418768 0.0600884 1.81263 0.627905 0.403623
1 0 1 0 0 0 1 0 1 0 0 0 35 343 0.694411 -1.5692 0.267086 -0.235743 0.612414 -0.176399 0.186972
1 1 1 1 0 1 1 1 1 1 1 1 35 344 0.694411 1.69925 -1.4407 -0.101725 -0.0422692 -0.802381 -0.464917
1 1 1 1 1 1 0 0 1 0 1 1 35 345 0.694411 0.217025 0.400231 0.482325 -0.284106 0.0339785 -1.50443
0 0 0 1 1 1 1 1 1 0 0 0 35 346 0.694411 -0.214187 -2.35332 0.767204 2.17621 -2.29473 -0.264495
1 1 1 1 1 1 1 1 0 1 1 1 35 347 0.694411 0.123302 1.39194 0.301768 0.248261 0.266629 -1.13267
0 0 1 1 1 1 1 1 1 0 0 1 35 348 0.694411 1.10194 -2.19607 0.911941 -0.365383 -1.36513 1.96917
0 1 1 1 0 1 1 1 0 1 1 1 35 349 0.694411 0.160138 -0.759836 0.0680131 0.271212 0.482754 0.641717
1 1 1 1 1 1 1 1 0 1 1 1 36 350 0.297498 0.854409 1.25887 1.17761 0.168305 -0.905299 0.0334698
0 0 1 1 0 0 0 0 0 0 0 1 36 351 0.297498 -0.583091 0.411857 -0.610409 0.825176 -1.35223 -1.12176
0 0 1 1 0 1 1 1 1 1 1 0 36 352 0.297498 0.304693 -1.06648 0.83715 2.21736 -0.351372 3.08993
0 0 1 1 0 1 0 1 0 1 1 1 36 353 0.297498 -0.154165 -0.202329 -0.741309 -0.835707 1.18382 -0.144908
0 1 1 0 0 0 1 0 0 0 0 0 36 354 0.297498 -0.493494 0.626984 0.481132 -1.07555 -0.56327 -0.965759
0 0 0 1 0 0 1 0 0 1 0 0 36 355 0.297498 -1.11572 0.0827548 -0.165034 -0.19779 -1.28155 0.850664
1 1 1 1 0 1 1 1 1 0 1 1 36 356 0.297498 0.0327929 1.70103 -0.869431 0.191219 2.17658 -0.049325
1 1 1 0 0 0 0 0 0 0 0 1 36 357 0.297498 -1.09475 0.293696 -0.522951 -0.31006 -0.445644 0.560276
1 1 1 1 1 0 0 1 1 1 1 1 36 358 0.297498 0.0405722 1.6741 0.249134 -1.02834 -0.404064 -0.162395
0 0 0 0 0 0 0 1 0 0 0 1 36 359 0.297498 -2.48124 -0.50025 -1.21934 0.59853 1.20196 -1.57515
0 0 0 1 0 0 1 0 0 0 0 0 37 360 0.118125 -0.753096 -2.18197 -0.482209 0.247766 -1.4093 -1.00375
1 1 1 1 0 0 1 1 1 1 1 1 37 361 0.118125 1.66906 0.593873 -1.10723 0.728393 0.885702 1.54491
0 1 0 1 0 0 0 0 0 1 0 1 37 362 0.118125 0.275834 -0.579051 -0.285392 -0.521735 0.395517 -0.134697
0 0 1 0 0 0 0 1 1 0 1 1 37 363 0.118125 -1.39338 -0.374237 0.594124 0.331855 0.969319 -0.297179
0 0 1 0 1 1 1 0 0 0 0 0 37 364 0.118125 0.378009 0.327778 -0.558483 -2.17579 -0.895792 0.762653
1 1 1 1 0 0 1 1 1 1 1 1 37 365 0.118125 0.539044 0.449755 -0.728275 -0.194057 0.369242 -1.35122
0 0 0 1 0 0 1 1 0 0 1 0 37 366 0.118125 0.636519 -2.73272 -1.27189 -0.266828 -0.618643 -1.33845
1 1 1 1 1 1 1 1 1 1 1 1 37 367 0.118125 1.94903 0.700345 0.700041 0.318558 1.28927 2.05809
1 1 1 1 1 1 1 1 1 1 0 1 37 368 0.118125 0.256151 1.14055 0.943873 0.380499 -0.300009 0.389549
0 0 0 0 0 1 1 1 0 0 0 0 37 369 0.118125 -0.700556 -1.02683 0.839261 1.70791 -0.862939 0.00452082
0 0 1 0 0 0 0 0 0 0 0 0 38 370 -1.30462 -0.0525319 0.769824 -0.485728 -1.6271 0.393216 -0.37363
0 0 0 0 0 0 0 0 0 0 0 0 38 371 -1.30462 -0.0954568 0.416315 -0.534032 -0.21094 -1.4529 0.195896
0 0 0 1 1 0 1 1 0 0 0 1 38 372 -1.30462 1.04203 0.181362 0.27341 0.231941 0.0797742 -0.394654
0 0 0 0 0 0 0 0 0 0 0 0 38 373 -1.30462 -0.757388 0.259375 -1.34005 0.0610275 -1.16428 -0.543511
0 0 1 0 0 0 1 1 0 0 0 0 38 374 -1.30462 -0.936729 1.39045 -1.42074 0.8767 -1.71697 1.90898
0 0 0 0 0 0 1 1 0 0 0 1 38 375 -1.30462 0.111598 -0.361316 -1.15333 -0.134284 0.0941342 -0.0746801
0 1 0 1 0 0 1 0 0 0 0 0 38 376 -1.30462 0.832137 -1.29983 0.393952 0.345256 -1.78804 -0.399103
0 1 1 0 0 0 0 0 0 0 0 1 38 377 -1.30462 0.808819 1.50209 -1.66985 0.15381 -0.723928 -1.50647
0 0 0 0 0 0 0 0 0 0 0 1 38 378 -1.30462 -0.031052 -0.301541 -1.46655 -1.36581 0.741884 -0.686181
0 1 0 0 0 0 0 0 0 0 0 1 38 379 -1.30462 -0.0495311 0.037584 0.433634 -0.0697181 0.309634 -0.130676
1 1 1 1 0 0 0 1 0 0 0 1 39 380 -0.317168 0.951637 0.444264 -0.32973 -0.684151 -1.83303 -0.596507
0 0 0 0 1 1 0 1 0 0 1 1 39 381 -0.317168 0.348825 -0.705792 1.56525 -0.454589 -0.141533 0.298844
0 1 1 1 0 0 1 0 1 1 1 1 39 382 -0.317168 0.748382 0.269829 -0.514629 0.572246 1.05097 -0.288315
0 1 0 0 0 0 1 1 1 0 1 1 39 383 -0.317168 0.757563 0.966184 -2.41604 1.66146 0.0605392 -0.553316
1 1 1 1 0 0 1 1 0 1 1 1 39 384 -0.317168 1.37742 -0.176655 -2.06688 -0.732717 0.523068 1.11367
0 0 0 1 0 0 0 1 0 1 1 1 39 385 -0.317168 -0.144043 -0.62043 -0.0430995 1.21168 1.09671 -0.90989
1 1 1 1 0 0 1 1 0 1 1 0 39 386 -0.317168 1.6389 -0.293852 -0.95367 -0.561699 -0.465002 0.4645
0 0 0 1 1 1 1 1 1 1 1 1 39 387 -0.317168 1.16857 -2.35621 0.747531 0.551314 1.37098 0.166978
0 0 0 0 0 0 0 1 0 0 0 0 39 388 -0.317168 -0.718357 -1.69024 -0.719475 -0.769933 -1.28128 -0.109344
0 0 1 0 0 0 1 0 0 0 1 1 39 389 -0.317168 -0.557887 1.25196 0.271862 0.244263 1.76353 -1.02716
1 0 0 1 0 0 0 0 0 1 1 1 40 390 -0.495274 0.393482 1.07989 -0.138608 -0.692781 1.79842 -1.15979
0 0 0 0 0 0 0 0 0 0 0 1 40 391 -0.495274 -1.12912 -0.397812 -0.829309 -0.415785 0.057681 -0.510981
0 0 1 1 1 0 0 1 0 1 1 1 40 392 -0.495274 1.13643 -0.0602499 0.307773 -1.09332 0.963876 0.840717
1 1 1 1 1 1 1 1 1 0 1 0 40 393 -0.495274 2.29798 -0.964946 0.834346 2.21736 -0.795939 0.902049
1 1 1 1 1 1 1 0 0 1 1 1 40 394 -0.495274 0.876371 1.01643 1.79806 -2.63657 -0.287978 -0.675023
0 0 0 0 0 0 0 1 0 0 0 1 40 395 -0.495274 -1.90045 -0.446382 0.515566 -0.0747153 0.0806308 -1.97081
0 0 0 1 0 0 0 1 0 1 1 1 40 396 -0.495274 -0.109505 -0.347555 1.30061 1.25471 1.39706 0.22553
0 0 0 0 0 0 0 1 0 0 0 0 40 397 -0.495274 -0.814548 0.591818 -0.513309 1.12414 -0.125026 -0.160603
0 0 1 0 0 0 0 0 0 0 0 0 40 398 -0.495274 -1.24807 2.04694 -0.462477 -0.946644 -0.130744 -0.408454
1 1 1 0 0 0 1 0 0 1 0 1 40 399 -0.495274 0.482691 2.08464 -0.756513 -1.39328 1.10588 -0.097918
0 1 1 0 0 0 0 1 0 1 1 1 41 400 -0.279189 -0.481031 1.30999 -0.395214 0.0151003 1.75683 -0.565809
0 0 0 0 0 0 0 0 0 0 0 0 41 401 -0.279189 -1.70261 0.447396 0.287017 -0.244964 -0.412073 -1.80286
0 1 0 1 0 1 1 1 1 1 1 1 41 402 -0.279189 0.711415 -0.733582 0.169643 2.67993 1.06817 0.0556099
0 0 1 1 1 0 1 1 0 0 1 1 41 403 -0.279189 0.516208 -0.217069 1.40835 0.807228 -0.610747 2.11549
0 0 0 1 1 0 1 1 0 1 1 0 41 404 -0.279189 0.797771 -1.45565 -1.62902 0.911278 0.830066 1.60675
1 0 1 1 1 0 1 1 1 0 0 0 41 405 -0.279189 -0.789711 1.53943 1.24896 0.678084 -0.710273 -1.30563
0 0 0 0 0 0 0 1 0 0 0 0 41 406 -0.279189 -1.56673 -0.376728 -1.06622 -0.158604 0.223265 -1.76427
0 0 0 0 0 0 1 1 0 0 0 0 41 407 -0.279189 -0.844748 -0.823969 -0.502555 -0.233003 -0.91875 -0.387486
0 1 1 0 0 0 1 1 1 0 0 1 41 408 -0.279189 0.222901 -0.292689 -0.647884 0.671047 -0.918724 1.21042
0 0 0 0 0 1 0 1 1 0 0 1 41 409 -0.279189 -1.94088 -0.426737 1.81034 1.55467 0.320591 -0.680404
0 0 0 1 0 1 0 0 0 0 0 0 42 410 -0.518968 0.27292 -1.40902 1.00389 -1.13709 -0.862313 -0.665926
0 1 0 1 0 1 0 0 0 1 1 1 42 411 -0.518968 0.732588 0.476569 1.22151 -0.224409 0.0280662 1.41393
1 0 0 1 0 0 1 1 1 0 1 1 42 412 -0.518968 0.720468 0.652904 -0.854368 2.16512 -1.00719 0.703788
0 0 1 0 0 1 1 1 1 0 0 0 42 413 -0.518968 0.132094 -0.575381 -0.570752 1.10967 -0.855383 1.21827
1 1 0 1 1 0 0 1 0 1 1 0 42 414 -0.518968 1.04409 0.341879 -0.101347 0.503939 -0.702924 0.371627
0 0 1 0 0 1 0 0 1 1 1 1 42 415 -0.518968 -0.750057 0.722865 1.493 0.755818 1.29053 -1.34616
0 0 0 1 0 0 0 0 0 0 0 0 42 416 -0.518968 -1.03442 -0.616363 -0.00455213 1.16884 0.766151 1.02079
0 0 1 1 1 1 1 1 0 1 1 1 42 417 -0.518968 -0.0429813 -0.0796293 0.881658 0.454261 1.59972 0.587604
0 0 0 0 0 0 0 0 0 0 0 1 42 418 -0.518968 -1.14121 -0.165508 -0.541675 -1.15956 1.6632 -0.298595
0 0 1 0 0 0 0 1 0 0 1 0 42 419 -0.518968 -1.25164 0.568499 -0.632909 1.29941 -0.55498 0.356794
0 0 0 0 0 0 0 1 0 1 1 1 43 420 -0.416953 -0.386078 0.440145 -1.61236 0.0180162 2.11512 -0.201221
0 0 0 1 0 0 1 1 1 0 0 1 43 421 -0.416953 -0.606296 -1.58262 0.182261 1.87441 0.357392 -1.55139
0 0 0 0 0 0 1 1 0 0 0 1 43 422 -0.416953 -0.420408 -1.599 -1.09268 -0.261848 -0.286527 -0.674588
0 1 1 1 0 1 0 1 0 1 1 1 43 423 -0.416953 0.928212 0.116999 0.915904 -0.617433 1.2174 0.653041
0 0 1 1 0 0 0 1 1 1 1 1 43 424 -0.416953 -0.815428 -0.258945 -1.64052 1.3107 1.89155 -0.663666
0 0 1 1 1 1 1 1 0 0 1 1 43 425 -0.416953 1.84584 -0.293984 0.266253 -0.383012 -1.24469 -0.912468
1 1 1 0 0 0 0 1 0 0 0 1 43 426 -0.416953 -0.636816 2.7651 -1.04737 -1.42737 -0.360381 -0.597235
0 0 0 1 1 0 1 1 1 0 0 0 43 427 -0.416953 0.0708406 0.0980166 0.207311 1.0648 -1.19612 0.219236
0 0 0 1 0 0 0 0 0 0 0 0 43 428 -0.416953 -0.312552 -0.77021 0.768919 -1.08147 -0.327406 -1.58293
0 0 0 0 0 0 0 0 0 0 0 1 43 429 -0.416953 -2.39295 -0.649183 0.647085 0.175727 0.374776 -0.572447
1 1 0 1 1 0 1 1 1 1 1 1 44 430 0.349055 1.47036 -0.29835 -2.14011 1.06613 1.74936 -0.321085
0 0 0 1 0 1 1 1 0 0 0 1 44 431 0.349055 -0.50631 -0.945107 -0.332511 0.65227 -0.928022 0.276976
0 0 0 1 1 1 1 1 1 1 1 1 44 432 0.349055 0.00308134 -1.29977 0.669815 1.04052 0.733132 1.30838
0 0 1 0 0 0 1 0 0 0 0 0 44 433 0.349055 -2.05187 0.358697 -0.59831 0.80598 -1.39219 0.0993985
0 0 0 1 0 0 1 1 0 0 0 0 44 434 0.349055 -0.75646 -0.592385 -0.934282 0.782869 -1.26965 -2.67896
0 1 0 0 0 1 0 0 0 0 0 0 44 435 0.349055 -1.52135 0.571281 0.0749905 -0.379628 -1.17318 -0.324363
1 1 1 1 0 0 1 0 0 1 1 1 44 436 0.349055 -0.261367 1.71872 -0.728842 0.217276 1.22294 0.0643947
0 0 0 1 0 1 0 1 1 0 0 0 44 437 0.349055 -0.836439 -1.26867 1.3772 2.77912 -1.38476 -0.172337
1 0 0 0 0 0 1 0 0 1 0 1 44 438 0.349055 0.103708 0.282239 -2.31932 0.644514 0.0690362 0.224921
1 0 1 1 0 1 1 1 0 1 1 1 44 439 0.349055 -0.675989 -0.333171 1.08765 0.164429 1.28501 -0.274311
1 0 0 1 1 0 1 1 1 1 0 1 45 440 0.578433 0.201934 0.114482 0.572852 -1.15318 -0.80979 0.435199
0 0 0 0 0 0 1 1 0 0 0 1 45 441 0.578433 -1.06716 -0.397192 -0.487825 0.967171 -0.555149 0.218291
1 1 0 1 1 1 1 1 0 0 0 1 45 442 0.578433 -0.484642 1.7261 1.58627 -1.23932 -1.62399 -1.11797
1 1 1 1 0 0 1 1 0 1 1 1 45 443 0.578433 -0.31413 1.64346 -0.237373 0.364483 0.683514 -0.737491
1 0 1 0 0 0 1 1 1 0 0 0 45 444 0.578433 -1.51835 1.05124 -0.350523 1.47358 -1.34069 -0.733499
0 0 1 1 0 0 1 1 1 0 1 1 45 445 0.578433 0.32213 -0.916056 -0.783948 0.254152 -1.27913 2.20008
0 0 0 1 0 0 1 1 0 0 1 1 45 446 0.578433 -0.421228 0.0216816 -0.271128 0.973482 -0.382836 -1.26543
0 0 1 0 0 0 0 0 0 1 1 1 45 447 0.578433 -1.22768 0.550399 -1.15572 -0.0993326 0.84684 -0.926502
0 0 1 1 0 0 0 0 0 0 1 1 45 448 0.578433 0.650371 -1.06901 -0.918557 -1.46836 1.11085 2.25797
1 1 1 1 0 1 0 1 0 1 0 1 45 449 0.578433 -0.523802 1.47093 0.233505 -0.524518 -0.130055 -0.341287
0 0 1 0 0 0 0 0 0 0 0 1 46 450 -0.309371 -1.60432 0.615972 -0.954009 -0.601696 1.1929 -0.378157
1 0 1 0 0 0 0 1 0 0 0 1 46 451 -0.309371 0.0119878 1.01707 -1.31119 0.884983 -1.1104 -0.556323
0 0 1 1 1 0 1 1 0 1 1 1 46 452 -0.309371 0.643778 0.583422 0.724034 0.294705 1.00319 -1.86832
0 1 1 1 1 1 1 1 1 0 0 0 46 453 -0.309371 -0.401348 1.38669 1.83106 2.39814 -1.27301 -0.606476
0 0 0 1 1 0 1 1 0 0 1 1 46 454 -0.309371 0.527403 -0.682706 0.9903 0.0450174 0.508049 0.45491
0 0 0 0 0 0 0 0 0 0 0 0 46 455 -0.309371 -1.61349 -0.324093 -0.00400179 -1.12274 -1.32903 -0.70042
0 0 1 1 0 1 1 0 0 0 0 1 46 456 -0.309371 -1.71186 1.69553 3.01459 0.8583 -0.0505731 0.622693
0 1 1 0 0 0 0 1 0 0 0 0 46 457 -0.309371 -1.33892 1.56722 -0.00751246 2.07594 -0.238965 0.187936
0 0 0 1 1 0 0 1 0 0 0 0 46 458 -0.309371 -0.401689 -1.01667 2.19204 -0.787598 -2.25091 -1.04218
1 1 1 1 1 1 1 1 0 1 1 1 46 459 -0.309371 2.93135 2.85129 1.12389 0.315151 -0.672531 1.98757
0 0 1 1 0 0 1 1 0 1 1 1 47 460 0.477118 -0.116972 -1.05661 -0.986771 1.72983 -0.396501 -0.426825
0 1 1 1 1 1 1 0 0 1 1 1 47 461 0.477118 0.154505 0.369051 2.11466 -0.621674 0.793254 0.799287
0 1 1 1 1 0 1 1 0 0 0 1 47 462 0.477118 -0.162375 0.390601 0.268527 0.470168 0.401809 -0.502773
1 0 1 0 0 1 1 0 1 0 1 1 47 463 0.477118 -0.284342 1.1204 1.46057 -0.101224 -0.520444 0.185299
0 0 1 0 0 0 0 1 0 1 1 1 47 464 0.477118 -1.27386 0.620071 -1.35117 -1.03251 1.04177 -2.29015
1 1 1 1 1 1 0 1 0 0 1 1 47 465 0.477118 0.611745 1.58675 1.64557 -2.15131 -1.48678 0.308318
0 0 0 1 0 1 0 1 1 0 0 0 47 466 0.477118 -1.55973 -1.21709 -0.465777 0.527876 -1.60055 -0.949158
0 0 1 0 0 0 1 1 0 0 0 0 47 467 0.477118 -1.42237 0.311247 -0.597089 2.0782 0.0449861 -0.81996
1 1 1 1 1 1 1 1 1 1 1 1 47 468 0.477118 2.39369 0.6327 0.276046 0.877304 1.20323 0.682901
0 0 1 1 0 0 1 1 1 0 1 1 47 469 0.477118 -0.726053 0.277845 -0.531042 0.449045 0.854845 0.826738
1 0 1 0 0 0 0 1 0 0 1 1 48 470 -0.14789 0.16816 -0.251984 -0.714104 0.644742 -0.283932 1.17792
0 0 0 1 0 0 0 1 0 0 0 1 48 471 -0.14789 -1.95021 -0.586982 0.598584 1.26847 -0.111739 -0.491394
0 0 1 1 1 0 0 1 0 0 1 1 48 472 -0.14789 0.743036 -0.882494 0.88455 -0.597263 -0.186827 0.180828
1 1 1 1 1 0 1 1 1 1 0 1 48 473 -0.14789 1.07198 -0.078179 -0.280071 1.80521 -0.597776 0.332224
0 1 0 0 1 1 1 0 0 0 1 1 48 474 -0.14789 -0.0472705 -0.457459 0.649967 0.921829 -0.06095 -0.849142
1 1 0 1 0 0 0 1 0 0 1 1 48 475 -0.14789 -0.572814 1.03752 0.169497 -0.749109 0.431496 -1.25275
1 1 1 1 1 1 1 0 0 0 0 1 48 476 -0.14789 0.799898 -0.244108 1.38041 0.555193 -1.0196 1.40312
1 1 1 1 0 1 1 1 0 0 0 1 48 477 -0.14789 0.611567 0.182125 -0.513614 -0.219296 -0.33104 1.05451
0 0 1 0 0 1 0 1 0 1 1 1 48 478 -0.14789 1.002 -0.341615 -1.30957 -0.201152 0.566154 -0.202072
0 0 0 1 0 0 0 0 0 0 1 0 48 479 -0.14789 -1.2635 -0.722491 0.541855 -0.836993 0.00623039 0.339725
0 0 0 1 0 0 0 0 0 0 0 1 49 480 0.393128 0.0469394 -0.15399 -0.710464 -1.14463 -1.15487 0.76611
1 1 1 0 0 1 0 1 0 1 1 1 49 481 0.393128 -0.713735 0.526165 -0.384478 0.293165 1.68324 -0.268721
0 1 0 1 0 0 1 1 1 0 0 1 49 482 0.393128 -1.22361 0.625964 0.640453 2.30387 0.855691 -0.611346
1 0 1 0 0 1 1 1 1 1 1 1 49 483 0.393128 0.127146 0.961888 -1.01446 0.814701 1.96016 -0.851423
0 0 0 1 0 1 0 1 0 1 0 1 49 484 0.393128 -0.716633 -1.6554 0.734114 -0.458307 -0.53852 -0.935394
0 0 0 1 0 0 0 1 0 0 0 0 49 485 0.393128 -0.514817 -0.586135 -0.011734 -0.179895 -1.51075 0.364908
0 0 1 0 0 1 1 0 0 1 1 1 49 486 0.393128 -0.897299 -0.266697 -0.194852 -1.5543 1.87912 -0.719125
1 1 1 1 0 0 1 1 0 1 1 1 49 487 0.393128 0.526159 1.53639 0.61563 0.217634 0.320941 1.65204
1 1 1 1 1 1 0 1 0 0 1 1 49 488 0.393128 -0.39248 2.10529 1.67662 -0.0384727 0.0909264 0.194988
1 0 0 1 0 0 0 1 0 1 1 1 49 489 0.393128 1.29777 0.296025 -1.63342 -0.941534 0.591481 1.18957
0 1 1 1 1 0 1 0 1 0 0 0 50 490 0.0620049 -0.135251 0.520465 0.72374 0.619599 -0.605818 0.963735
0 1 1 0 0 0 1 1 0 0 0 1 50 491 0.0620049 -0.680962 1.59336 -1.18957 0.649863 0.0443821 1.23767
0 0 1 1 0 0 1 1 1 0 0 0 50 492 0.0620049 -0.518279 -0.449056 0.135326 2.60795 -0.733461 0.190674
1 1 0 1 1 1 1 1 1 0 0 1 50 493 0.0620049 0.314094 -0.413111 1.46741 1.7179 -0.370643 -0.70413
0 0 1 1 1 1 0 1 0 1 1 1 50 494 0.0620049 0.651602 -1.56821 -0.729274 -1.09615 2.64616 -0.361021
0 0 0 1 0 0 0 0 0 0 1 0 50 495 0.0620049 0.0514764 -3.37855 0.169695 -2.33768 -0.267651 -2.14322
0 0 1 1 1 0 0 0 0 0 0 0 50 496 0.0620049 -0.871171 0.614027 1.1197 -0.0469356 -0.626388 0.189552
0 1 1 1 1 0 1 1 1 0 0 0 50 497 0.0620049 0.62114 -0.0844068 -0.492659 0.413446 -1.71543 1.87319
0 0 1 0 0 0 0 0 0 0 1 1 50 498 0.0620049 -0.489224 0.209885 -1.01181 -1.81213 0.649741 0.124703
1 1 0 1 1 1 0 1 0 1 1 0 50 499 0.0620049 0.0854128 -0.0315976 0.286542 0.49551 0.16582 -0.618414
1 1 0 1 1 1 1 1 0 1 1 1 51 500 0.325531 1.07084 -0.312779 0.803284 -0.617271 2.02533 0.248788
1 1 1 1 1 1 1 1 1 1 1 1 51 501 0.325531 0.249615 1.74289 -0.0128716 0.194698 -0.302785 1.54601
1 1 1 1 1 0 0 1 0 1 1 1 51 502 0.325531 0.175056 -0.323452 0.494951 -1.9074 1.08285 -0.817408
0 0 0 1 1 1 1 1 0 1 1 1 51 503 0.325531 -0.665365 0.435121 2.02334 0.183538 0.718812 -0.52218
0 1 0 1 0 0 1 0 0 1 1 1 51 504 0.325531 0.0246457 -0.559419 -0.109983 -0.960776 0.0584959 -0.516731
0 0 1 0 0 1 0 0 0 0 1 1 51 505 0.325531 -0.186753 -0.408838 -1.87798 -2.28279 0.213059 -0.544925
0 0 1 1 0 0 0 0 0 0 1 1 51 506 0.325531 -0.0831289 0.16655 0.265115 -1.33085 -0.0245372 -0.974915
0 0 0 1 0 1 1 1 0 1 1 0 51 507 0.325531 -0.195158 -1.5995 0.00795357 0.0219308 -0.924133 0.722148
0 1 1 1 0 1 1 0 0 1 0 1 51 508 0.325531 0.288279 0.767422 1.32676 -2.25491 0.4652 1.57941
0 1 1 1 1 1 0 1 0 0 0 1 51 509 0.325531 -0.207805 0.789918 1.07314 -0.902242 -1.13893 -0.0002388
0 0 1 1 1 1 1 1 1 1 1 1 52 510 -0.356176 2.45569 -1.89646 1.04061 -0.162961 2.54872 0.689089
0 0 0 0 0 0 0 0 0 0 0 0 52 511 -0.356176 -1.71547 1.9516 0.00541391 -1.1011 -0.0554068 0.960224
0 0 0 0 0 0 0 0 0 0 0 0 52 512 -0.356176 -0.55274 -0.682536 -0.949549 -0.232512 -1.39658 -0.450256
0 0 0 1 0 1 1 1 0 0 0 1 52 513 -0.356176 0.697031 -0.308544 0.901214 -0.118252 -1.06967 2.60378
1 1 1 1 0 0 0 0 0 0 1 1 52 514 -0.356176 0.849469 3.01159 -0.71614 -1.82354 0.921919 1.41462
0 0 0 0 0 0 0 0 0 0 0 0 52 515 -0.356176 -3.41735 -1.19564 -0.897203 -0.00245881 0.568902 -1.08091
1 1 1 1 1 0 1 1 1 1 1 0 52 516 -0.356176 1.8204 2.30219 -1.16656 0.686081 -0.433994 1.02063
0 0 1 1 0 1 1 1 0 1 1 1 52 517 -0.356176 0.81328 -1.6641 0.730786 0.0156247 0.113852 -1.3267
0 0 1 1 0 0 0 0 0 0 0 1 52 518 -0.356176 -0.330294 0.248134 0.349532 -0.11033 -0.594729 -0.0565411
0 1 1 1 0 1 1 1 0 1 1 1 52 519 -0.356176 2.02957 -1.40024 -0.00059363 -1.69589 0.388144 0.322385
0 0 0 1 1 1 1 1 1 0 1 1 53 520 0.594025 0.268543 -1.34462 1.05027 1.26916 -0.643696 0.571338
1 0 1 1 1 1 1 1 0 1 1 1 53 521 0.594025 0.00293775 1.3442 2.31423 1.26118 1.88242 -1.14929
1 1 1 1 1 0 1 1 0 1 0 1 53 522 0.594025 0.886288 0.24949 -1.04633 0.540609 -0.761816 -1.97577
1 1 1 1 1 1 1 1 1 1 1 0 53 523 0.594025 0.864474 -1.39112 0.144419 -0.159196 0.309129 0.662322
1 1 1 1 0 1 1 1 0 1 1 0 53 524 0.594025 0.00210978 1.13489 -0.0468184 -0.921532 -0.0151195 0.329605
0 1 0 0 0 0 0 1 0 0 0 1 53 525 0.594025 -0.896447 0.448209 -0.453574 -0.729262 0.872425 0.548925
1 1 1 1 0 0 1 1 0 1 1 1 53 526 0.594025 0.654014 1.09943 -0.953077 -0.936913 0.615899 1.32523
1 1 0 1 1 0 1 1 0 1 1 1 53 527 0.594025 0.598919 0.0172826 -1.20544 -0.531513 1.04864 -0.0461232
0 1 1 1 0 0 1 1 0 1 1 1 53 528 0.594025 -0.113724 0.588594 0.0670976 -0.507197 1.25735 0.901302
1 1 1 1 0 1 1 1 1 1 1 1 53 529 0.594025 1.71006 -0.710307 0.143829 -1.39325 -0.643216 2.453
0 1 0 0 0 0 0 1 1 1 1 1 54 530 -0.62271 1.26934 -0.987495 -2.07547 0.138028 -0.661911 -0.09913
0 1 1 1 0 0 0 1 0 0 0 0 54 531 -0.62271 0.419292 0.315304 -1.03336 0.015654 -0.382637 1.36131
0 0 0 0 0 0 1 0 0 0 1 0 54 532 -0.62271 -1.57462 -0.665879 1.32175 1.12357 -0.161657 -2.17518
1 1 1 1 1 1 1 1 1 1 1 1 54 533 -0.62271 2.84525 -0.21684 -0.483214 -0.415918 0.474218 1.4773
0 0 0 1 0 0 1 1 0 0 1 1 54 534 -0.62271 -0.369584 -0.00224671 -0.0516677 0.209657 2.20282 0.572355
0 0 1 1 0 1 1 0 0 0 0 1 54 535 -0.62271 -0.699489 -0.148814 0.821376 0.823343 1.14014 -2.27873
0 0 0 0 0 1 0 0 1 0 0 0 54 536 -0.62271 -1.03083 -0.545576 1.02311 0.965357 -1.33991 0.366494
1 1 1 1 1 0 1 1 1 1 0 0 54 537 -0.62271 1.37284 0.941366 1.29991 1.0052 -0.2863 1.7599
0 0 0 0 0 0 0 0 0 1 1 1 54 538 -0.62271 -0.144723 -1.98272 -1.84643 -0.300342 1.60295 0.958997
1 1 1 0 0 0 1 1 0 1 1 0 54 539 -0.62271 -0.184436 1.17686 -0.924456 0.395012 0.947553 -1.67933
0 0 1 1 0 1 1 1 1 1 1 1 55 540 0.5742 0.000365345 -1.65678 0.573628 0.997021 -0.35695 -1.24793
1 1 1 1 1 0 1 0 1 1 1 1 55 541 0.5742 1.65785 0.532479 -1.17777 -1.62365 0.19356 -0.368156
1 1 1 1 0 0 1 1 1 0 1 0 55 542 0.5742 0.42841 0.95901 -0.028259 0.0888639 -1.26255 0.0974222
1 1 1 0 0 0 1 1 0 1 0 0 55 543 0.5742 -0.393703 0.700554 -0.773417 0.382455 0.487459 -1.20719
1 1 1 1 0 0 0 0 0 1 1 1 55 544 0.5742 0.025863 0.576199 -0.711164 -1.03976 0.629124 0.378873
1 1 0 1 1 1 1 1 0 0 0 0 55 545 0.5742 0.355657 1.16582 1.05501 -0.114512 -0.357523 -0.28666
0 1 0 1 1 1 1 1 0 1 1 1 55 546 0.5742 0.140041 0.103682 0.0973916 -0.433855 1.28542 -1.72969
0 1 0 1 1 0 0 1 0 1 1 1 55 547 0.5742 -0.698708 1.27921 0.470156 0.0924588 2.31805 -1.86087
0 0 1 1 0 1 1 1 0 1 1 1 55 548 0.5742 0.176693 -0.544493 0.148757 -0.48463 0.422249 1.25787
1 1 1 1 1 0 1 1 0 1 1 1 55 549 0.5742 1.93828 1.04763 -0.0408262 0.36512 0.993118 1.46126
1 0 1 0 0 0 1 0 0 1 0 0 56 550 0.388086 -0.0634025 1.07314 -0.964392 -1.13867 -0.95143 -0.485803
0 1 0 0 1 0 1 1 1 1 1 1 56 551 0.388086 -0.417446 0.0937658 -0.0998149 1.31776 1.04747 1.83329
0 1 1 1 0 0 0 1 0 1 0 1 56 552 0.388086 -0.673752 0.800124 -0.0116754 0.602609 1.51922 -0.203318
0 0 0 1 0 1 0 1 0 1 1 1 56 553 0.388086 0.387148 -1.80147 0.744886 -1.27206 0.605641 1.23881
0 0 1 1 0 1 1 1 1 1 1 1 56 554 0.388086 -0.234329 0.267328 0.7089 0.9493 1.18404 0.197447
0 0 0 0 0 0 0 1 0 0 1 1 56 555 0.388086 -1.27144 -0.782566 -0.537544 -1.19504 0.844554 -1.51471
0 0 0 1 0 0 1 1 0 0 0 1 56 556 0.388086 -0.984438 -0.707035 -1.4566 1.516 -1.28649 -1.6265
1 1 1 1 0 0 1 1 1 1 1 1 56 557 0.388086 1.38652 -1.15425 -1.79132 0.670831 1.52587 0.0762812
1 1 1 1 1 1 1 1 1 1 1 1 56 558 0.388086 1.54114 -0.804932 -0.188474 0.287662 0.826183 -0.504189
0 0 0 1 1 1 1 1 1 1 1 1 56 559 0.388086 0.173426 -1.29449 1.40564 0.453581 -0.469469 0.107755
0 0 1 1 1 0 1 1 1 1 1 1 57 560 -0.888714 1.83043 -0.103365 0.213529 1.1708 1.9935 2.01337
0 0 0 0 0 0 1 1 1 0 0 1 57 561 -0.888714 -0.0631477 0.773421 -1.80595 2.58354 -0.370885 -0.0826701
0 0 0 0 0 0 0 0 0 0 0 0 57 562 -0.888714 -2.50743 -2.18744 -1.16703 -0.97697 0.497115 0.597069
1 1 1 1 1 1 0 1 0 1 1 1 57 563 -0.888714 1.94157 0.329002 1.01768 0.157679 2.79752 1.64418
0 0 0 0 0 0 1 1 0 0 0 1 57 564 -0.888714 -1.47063 0.321894 0.04664 1.47192 1.32728 0.355684
0 0 0 0 0 0 1 0 0 0 0 0 57 565 -0.888714 -1.02328 -0.916918 -0.138135 -0.777372 -1.37572 -0.260729
0 1 1 0 0 0 0 1 0 1 1 0 57 566 -0.888714 -0.111673 1.21038 -2.57823 -0.59213 0.672855 -1.55282
0 1 0 0 0 0 1 0 0 0 0 1 57 567 -0.888714 -0.411954 0.937987 0.0638269 -1.56005 0.264455 0.60251
0 0 0 0 0 0 0 1 0 0 0 1 57 568 -0.888714 -1.24917 0.0377367 -1.28102 0.183563 1.57814 -1.04316
0 0 0 0 0 0 0 0 0 1 1 1 57 569 -0.888714 -0.203033 0.508884 -1.4079 -1.28751 1.8762 1.54235
0 1 1 1 0 0 1 1 1 1 1 1 58 570 0.613723 -0.747604 -0.103048 0.92452 0.755173 1.07088 -0.206456
0 1 1 1 0 0 0 1 0 1 0 0 58 571 0.613723 -0.629935 1.19778 0.209995 -0.297588 -0.167803 -0.400877
0 0 0 1 0 0 0 0 0 0 0 1 58 572 0.613723 -1.13944 0.180598 0.397264 -0.992544 0.353938 -0.788522
0 1 1 1 0 1 1 1 0 1 0 0 58 573 0.613723 -0.320573 1.96308 0.679223 0.106034 -1.13805 0.369555
1 1 1 1 1 1 1 1 1 1 1 1 58 574 0.613723 2.23317 1.14288 0.303656 1.54124 0.395793 -0.652305
0 0 1 1 1 1 1 1 1 0 0 0 58 575 0.613723 -0.669543 -0.295775 1.00597 1.44864 -1.1653 -0.543661
0 1 1 1 0 0 0 1 0 0 1 1 58 576 0.613723 -0.16706 0.83779 0.126986 0.0728751 -0.274731 2.26244
0 0 0 0 0 0 1 1 0 0 0 0 58 577 0.613723 -1.53461 -0.546927 -0.537557 2.40232 -1.68148 0.177227
0 1 1 0 1 1 0 0 0 0 0 1 58 578 0.613723 -1.03352 1.20164 1.20713 -0.0209538 -1.09372 0.169271
1 0 1 1 0 0 1 1 0 1 1 1 58 579 0.613723 0.410854 -0.552926 -0.589985 0.148294 1.1777 0.110289
1 1 0 1 0 0 1 1 1 1 1 1 59 580 0.873394 0.444826 -0.749545 -2.08499 0.179891 2.57967 0.187978
0 0 0 1 0 1 1 0 0 0 0 0 59 581 0.873394 -1.6137 0.184773 3.0598 -1.63681 -1.00686 0.441747
0 0 1 1 0 1 0 1 0 0 1 1 59 582 0.873394 0.033626 -1.54218 -0.964956 -0.513733 0.135906 -0.273409
1 1 1 1 1 1 1 1 1 1 1 1 59 583 0.873394 1.02212 0.565813 -0.729038 1.12019 1.78357 0.861671
1 1 1 1 0 1 1 1 0 1 1 1 59 584 0.873394 0.509193 0.85711 -0.10041 -0.895806 -0.275786 1.47875
0 0 0 1 0 1 0 1 0 0 1 1 59 585 0.873394 -2.52597 -0.381451 1.35798 -0.303662 0.681732 -0.404312
1 1 1 1 1 1 1 1 1 0 1 1 59 586 0.873394 0.0284422 1.16914 -0.00712633 0.640872 -0.0932441 1.26906
1 1 1 1 1 1 1 1 1 1 1 1 59 587 0.873394 0.410955 0.684833 0.0964366 0.419542 -0.79458 0.730894
1 1 1 1 1 1 1 1 0 1 1 1 59 588 0.873394 0.68378 -0.0161607 1.47254 -0.6229 -0.338271 -0.414968
0 1 0 1 1 1 1 1 0 1 1 1 59 589 0.873394 -0.309676 -0.709105 0.3451 -0.605771 1.16059 -1.04757
0 0 1 1 0 1 0 0 0 0 0 1 60 590 -0.0330063 -0.123906 -1.39678 0.143572 -1.16881 -0.59093 -0.331598
1 1 1 1 1 1 1 1 0 1 1 1 60 591 -0.0330063 1.72612 -0.216312 1.03651 -0.886182 -1.05196 0.463217
0 0 0 1 0 0 1 1 1 0 0 1 60 592 -0.0330063 -0.0344956 -1.70954 -0.362221 1.50108 0.257815 -0.910185
0 0 0 0 0 0 0 0 0 1 1 1 60 593 -0.0330063 -1.42514 -2.46247 0.101913 -0.424326 0.109643 -1.17307
0 0 1 0 0 0 1 0 0 0 0 0 60 594 -0.0330063 -0.793967 0.729559 -1.3762 -0.551353 -1.35698 -1.50764
0 0 1 0 0 1 1 1 1 0 1 1 60 595 -0.0330063 -0.614079 0.265799 0.632289 1.08078 0.422671 -1.31245
0 0 1 0 0 0 0 0 0 0 1 0 60 596 -0.0330063 -1.32537 1.00515 -1.36758 -0.691769 0.781908 -1.20272
0 0 0 0 0 1 1 1 1 0 0 1 60 597 -0.0330063 0.0459529 -0.979973 0.157946 0.781762 -0.416911 -0.116133
0 0 1 0 0 1 1 1 1 1 1 1 60 598 -0.0330063 -0.125048 -0.935894 0.13238 0.127172 2.24213 -0.384777
0 0 0 0 0 0 0 0 0 0 0 0 60 599 -0.0330063 -0.481496 -0.320477 -0.778029 -2.297 -1.53286 -0.255368
1 1 1 1 1 1 0 1 1 1 1 1 61 600 -0.360945 0.897429 1.58989 0.209604 1.60501 1.1517 1.68016
1 0 1 1 1 1 1 1 1 0 1 1 61 601 -0.360945 1.05697 1.20044 2.33692 0.228385 -0.213172 1.32418
0 1 1 1 0 0 1 1 0 0 0 0 61 602 -0.360945 -0.76063 2.09963 0.275403 1.3675 -2.11865 -0.224275
0 0 0 0 0 0 1 1 0 0 1 1 61 603 -0.360945 -0.310466 -0.254466 -0.856819 0.00123601 0.579282 1.17465
0 1 1 0 0 0 0 1 0 0 0 1 61 604 -0.360945 -1.39046 1.8352 -0.383781 1.79256 0.346878 -1.30656
0 0 1 1 0 0 0 1 0 0 1 1 61 605 -0.360945 0.485088 0.179384 0.0192692 -1.00384 1.14702 -0.791827
0 1 1 1 0 0 1 0 1 0 1 0 61 606 -0.360945 -0.220324 -0.667703 0.694876 0.734161 0.765427 0.599182
0 0 0 1 1 1 1 1 1 1 1 1 61 607 -0.360945 0.102479 0.0567618 0.9689 1.30921 1.85077 -0.915673
1 1 1 0 0 0 1 1 0 0 1 1 61 608 -0.360945 0.603436 2.00269 -0.900964 -0.121425 -0.425344 0.664191
0 0 0 1 0 0 1 1 1 1 1 1 61 609 -0.360945 0.747643 -2.14973 0.965592 1.25359 0.129864 -0.933722
0 0 1 0 0 0 0 0 0 0 1 0 62 610 0.226784 -1.3427 1.36247 -0.499178 -0.797772 0.109875 -2.19791
0 0 1 1 0 0 0 1 1 0 0 1 62 611 0.226784 -1.02488 1.01551 -0.0552968 1.69353 0.436281 -1.11742
0 0 0 1 0 0 1 1 1 0 1 1 62 612 0.226784 0.168522 -0.6592 -1.22387 0.491739 -0.461118 0.281674
0 1 1 1 0 1 1 1 0 0 1 1 62 613 0.226784 -0.58415 0.200957 0.3785 -0.103099 0.060672 0.950604
1 0 1 1 0 1 1 1 0 0 0 0 62 614 0.226784 0.681478 -0.316902 0.137613 -0.366216 -1.28671 0.364347
0 1 1 1 0 0 0 1 0 1 1 1 62 615 0.226784 0.500941 -0.681705 -0.215936 0.130964 0.734685 -0.955715
1 0 1 1 0 0 1 1 0 1 0 1 62 616 0.226784 -0.23083 0.00334394 -0.0330985 0.00950861 0.242183 -0.0307965
0 1 1 0 0 0 1 0 0 0 0 1 62 617 0.226784 -1.19642 0.702303 -0.69922 0.199097 -1.41312 -0.40054
0 1 1 0 0 1 1 1 0 1 1 1 62 618 0.226784 0.0805629 -0.114082 -0.234033 0.705572 0.790145 0.819355
0 0 0 0 0 0 1 1 0 0 0 1 62 619 0.226784 -2.37386 -0.207799 -1.67431 0.629732 0.3139 0.519907
1 1 1 0 0 0 1 1 1 0 1 1 63 620 0.865751 0.751095 1.32974 -0.612012 0.0121874 -1.93591 0.620756
1 0 1 1 0 0 1 1 0 1 1 1 63 621 0.865751 -0.720193 0.0988195 -0.417628 0.699181 0.214852 -1.38818
0 0 1 1 1 1 0 0 0 0 0 1 63 622 0.865751 -0.911505 -0.986339 1.04037 -1.51997 -0.339295 1.85464
1 1 1 1 0 1 0 1 0 1 1 1 63 623 0.865751 -0.174111 1.53684 -0.615282 -0.286587 3.01985 0.288541
1 1 1 1 1 0 1 1 1 1 1 1 63 624 0.865751 1.29248 0.185495 -0.0746127 0.152044 -0.335212 2.18518
1 1 1 1 1 1 1 1 1 0 1 0 63 625 0.865751 1.05366 1.93434 0.903919 -0.223909 -2.47325 1.13093
1 1 1 0 0 0 0 1 1 0 0 1 63 626 0.865751 -0.675657 0.179655 -1.92644 0.449404 0.247593 0.554206
0 0 1 1 0 1 0 1 0 0 1 0 63 627 0.865751 -1.77736 -0.366844 1.75045 0.08208 0.615918 0.885927
1 1 1 1 1 1 1 1 0 1 1 1 63 628 0.865751 -0.497152 0.839325 1.60788 -0.0884711 0.629485 -0.0148596
1 1 1 1 1 1 0 1 0 0 1 1 63 629 0.865751 -0.191413 0.258063 1.01579 -0.206677 -0.201679 -0.900771
0 0 0 1 1 0 1 1 0 1 1 1 64 630 0.45961 -0.445074 -2.42135 0.447478 0.690282 0.158587 0.991341
1 1 0 1 1 1 1 1 1 1 1 0 64 631 0.45961 0.71557 -0.737402 -0.656896 0.822397 -0.560982 0.89186
1 0 1 1 1 1 1 1 1 1 1 1 64 632 0.45961 0.737326 0.249739 -0.241901 1.61202 0.0553356 -0.420147
1 0 1 1 0 1 1 1 0 1 1 1 64 633 0.45961 -0.108655 0.214463 -0.767702 -0.38408 0.862184 -0.618574
0 1 1 1 1 1 0 1 0 0 0 0 64 634 0.45961 -0.19356 1.25194 2.93544 -1.16388 -0.860849 -0.984766
1 1 1 1 0 1 1 1 0 1 1 1 64 635 0.45961 -0.068201 3.10975 0.0582108 0.0179253 1.41221 2.93516
0 0 1 1 0 0 1 1 1 0 0 1 64 636 0.45961 -0.267641 -0.308338 -1.02165 -0.238792 -1.29643 0.229593
0 0 0 1 0 0 1 1 0 0 1 1 64 637 0.45961 0.248687 -1.23725 -1.21754 -0.15267 -0.351908 -1.3074
1 1 1 1 1 0 1 1 1 0 0 1 64 638 0.45961 1.10969 -0.810262 -0.571647 0.097125 -1.84785 1.59095
0 1 1 1 0 1 1 0 1 0 1 0 64 639 0.45961 0.759845 -2.08476 -0.116882 -0.422762 -1.65749 0.89846
0 0 0 0 0 0 0 0 0 0 0 0 65 640 0.696168 -1.53003 -0.602021 0.0428253 -0.539993 -1.30326 -1.05973
1 1 1 1 1 1 1 1 1 1 1 1 65 641 0.696168 1.30651 0.191432 -1.13175 -0.012535 -0.383863 1.64448
1 1 1 1 1 1 0 1 0 1 1 1 65 642 0.696168 1.57245 1.16867 1.13649 -0.690337 0.765271 1.29599
0 0 0 1 0 1 0 0 0 0 1 1 65 643 0.696168 -1.86123 -0.509135 0.639564 -1.25377 1.18314 -0.577338
1 0 1 1 0 0 0 1 0 0 0 1 65 644 0.696168 -0.344158 -0.637939 -0.0756312 -0.202123 0.365266 -0.785778
0 1 0 1 1 1 1 0 0 1 1 0 65 645 0.696168 0.0625398 -1.06278 1.93117 -0.419499 1.03194 0.382452
0 0 0 1 0 1 0 0 0 1 0 1 65 646 0.696168 -1.18983 -1.44937 1.18024 -0.46325 -0.372293 -1.78124
0 1 1 1 1 1 1 0 0 0 0 1 65 647 0.696168 -0.63092 0.554941 2.30422 -1.13787 0.056857 -0.0914713
0 0 0 1 0 0 0 0 0 1 1 1 65 648 0.696168 -0.53253 -0.999342 -1.59013 0.213276 0.395292 -1.31112
0 1 1 1 1 1 1 1 1 1 1 1 65 649 0.696168 2.34034 -0.511829 0.431243 0.223333 0.351624 -0.794582
0 0 0 1 1 0 1 1 1 1 1 1 66 650 0.118984 0.593566 -1.2542 0.444226 1.97702 0.849878 -0.64533
0 1 1 1 1 1 0 0 0 0 1 0 66 651 0.118984 -0.0983069 -0.742945 1.95216 -2.9938 -0.534959 0.737908
1 1 1 1 1 0 1 1 1 0 1 0 66 652 0.118984 1.67616 0.199423 -0.359153 0.918345 -1.41235 -0.41962
0 0 0 1 0 1 1 1 1 0 1 1 66 653 0.118984 -0.0168839 -0.71445 -0.335844 1.25221 0.492799 0.707938
1 1 1 1 1 1 1 1 0 1 0 1 66 654 0.118984 0.208535 1.14058 1.2002 0.870638 0.653484 -1.12685
1 1 1 1 1 1 1 1 1 1 1 1 66 655 0.118984 2.34665 -1.30682 -0.976372 -0.65678 -0.795096 0.349956
0 1 0 1 1 0 1 1 0 1 1 1 66 656 0.118984 0.686662 0.215024 0.893422 -0.374867 1.42149 0.480735
1 1 1 1 1 1 1 1 1 0 1 1 66 657 0.118984 0.0422634 1.47869 1.38018 1.22617 -0.87745 -0.507836
0 0 0 1 0 0 0 0 1 0 0 0 66 658 0.118984 -1.69516 -1.49481 -0.304659 0.99623 0.374699 -1.33703
1 0 1 1 0 0 0 0 0 0 0 1 66 659 0.118984 -0.61569 1.55161 0.824721 -0.846018 -1.0337 -1.09327
1 0 1 1 1 1 1 1 1 1 1 1 67 660 0.626714 1.52755 -0.0658987 1.55768 0.531007 0.00228399 0.189549
0 1 0 1 0 0 0 1 0 1 1 1 67 661 0.626714 0.0503241 0.00498804 -0.627656 -1.60429 1.41096 -0.803303
0 0 0 1 1 1 0 1 0 0 1 1 67 662 0.626714 -1.5719 -3.14893 0.63755 -0.0179435 1.28147 -0.0545531
0 0 0 1 0 0 0 0 0 1 0 1 67 663 0.626714 -0.789319 0.528156 0.0103462 0.499656 0.498318 -0.617024
1 1 1 1 1 1 1 1 0 1 1 1 67 664 0.626714 0.220964 0.195805 0.206754 -0.992322 -0.057079 -0.42736
1 1 1 1 1 1 1 1 0 1 1 1 67 665 0.626714 1.02532 0.756459 -0.535641 -0.893392 -0.878084 0.592734
1 1 1 1 1 0 1 1 1 0 1 1 67 666 0.626714 1.32093 -0.0580002 -0.620738 -0.521624 -1.1322 0.867307
0 0 1 0 0 0 1 1 0 1 1 1 67 667 0.626714 -0.901163 -0.209811 -0.931842 -0.605815 0.596542 0.328278
1 1 1 1 0 0 1 1 1 0 0 1 67 668 0.626714 0.42921 1.49434 -1.13937 -0.566034 -0.691755 -0.729113
0 0 1 1 0 1 1 1 0 0 0 1 67 669 0.626714 -1.26255 -0.631283 1.04324 0.261728 0.437462 -0.148679
0 0 0 0 0 0 0 1 0 0 0 0 68 670 0.095668 -2.01407 -0.766328 -0.651249 0.0359757 0.056281 -0.0608736
0 0 0 1 0 0 0 0 0 0 1 1 68 671 0.095668 -0.356517 -0.0150555 -0.485657 -0.524296 0.860217 -0.8293
1 1 1 1 1 1 1 1 1 1 1 1 68 672 0.095668 0.803034 -0.608791 0.388396 0.950792 2.08389 0.159945
0 0 0 1 0 1 0 0 0 1 1 1 68 673 0.095668 -0.826136 -2.3302 0.0914119 -0.0523346 0.704336 -0.92142
0 0 1 1 1 1 1 1 1 0 0 1 68 674 0.095668 0.275489 -0.848041 1.14987 0.732748 -0.844669 -0.202392
0 0 0 1 0 1 0 1 0 0 0 0 68 675 0.095668 -1.03819 -1.44929 1.56131 0.354131 -0.186429 -1.75218
0 0 1 1 0 1 1 1 1 1 0 1 68 676 0.095668 0.926361 -1.83985 -0.226884 0.175413 -1.46453 -0.720104
0 1 1 1 0 1 0 1 0 1 1 1 68 677 0.095668 -0.698189 -0.717034 -0.0351054 -0.735945 0.5054 0.652843
1 1 1 1 1 1 1 1 1 1 1 1 68 678 0.095668 1.3593 0.563751 0.699068 1.8687 0.461274 1.63215
0 0 0 0 0 0 0 0 0 0 0 0 68 679 0.095668 -0.88861 0.775547 0.541474 -1.53292 -0.719297 -0.303287
0 0 0 0 0 0 1 1 0 0 0 0 69 680 0.127488 -0.824923 -1.39565 0.780679 0.493521 -0.952682 0.0746374
1 1 1 1 0 0 1 1 1 1 1 1 69 681 0.127488 1.81951 -0.314027 -1.61869 -0.357453 0.434987 0.469364
1 1 1 1 0 0 1 1 0 1 0 1 69 682 0.127488 -0.692707 1.33189 -1.04297 0.754515 1.46159 -0.936914
1 1 1 1 1 1 1 1 1 1 1 1 69 683 0.127488 1.72723 -0.414621 -0.241108 0.377025 1.17494 1.4698
0 0 1 1 0 0 1 1 1 0 1 1 69 684 0.127488 -0.191803 0.374549 0.224012 0.516779 -0.382266 1.07052
1 1 1 1 0 0 0 0 0 0 0 0 69 685 0.127488 0.243386 0.587551 -0.674087 -1.33248 -2.1184 0.00557374
0 0 1 1 0 1 0 0 0 0 0 0 69 686 0.127488 -0.685312 0.960741 -0.249314 -1.20679 -1.71546 1.26065
0 0 0 0 0 0 0 0 0 0 0 1 69 687 0.127488 -1.01982 -1.90291 -0.333581 -1.08947 -0.792946 -1.03835
1 1 1 1 0 0 0 1 1 1 0 1 69 688 0.127488 0.813824 0.725858 -0.909308 -1.07836 0.539263 0.630553
0 1 1 0 0 0 0 0 0 0 0 0 69 689 0.127488 -0.945181 1.42068 -0.390324 -1.15092 -0.872037 0.808728
0 0 0 1 1 0 1 0 0 1 1 1 70 690 -0.0249105 0.357991 -1.04657 0.64468 -0.784986 2.5474 -0.698475
0 0 0 1 0 1 1 1 0 0 0 0 70 691 -0.0249105 -0.388697 -1.02257 2.257 1.26029 -1.03317 1.02621
1 1 1 1 1 1 0 1 1 0 1 0 70 692 -0.0249105 1.01694 0.942448 -0.148605 0.665359 -0.723331 0.588753
0 1 0 1 0 0 1 0 0 1 1 1 70 693 -0.0249105 0.334042 -1.41956 -0.82515 -0.754519 0.532823 -1.32932
0 0 1 1 0 1 1 0 0 0 0 1 70 694 -0.0249105 -0.279962 0.217499 2.03504 0.390439 -0.745047 -0.962451
0 0 0 1 1 0 1 1 0 1 0 1 70 695 -0.0249105 0.858384 0.152096 -0.301933 0.434547 0.00134394 -1.16995
0 0 1 1 0 0 1 1 0 1 1 1 70 696 -0.0249105 0.411856 -0.867822 -0.440653 -0.427833 0.62364 1.18941
1 0 0 0 0 0 0 1 0 1 0 1 70 697 -0.0249105 -0.337605 0.257925 -2.03018 -0.98869 -0.106053 -0.0786129
1 1 1 1 0 1 1 1 1 1 1 1 70 698 -0.0249105 1.6042 0.302937 -0.787792 2.51833 1.97177 1.84711
0 0 0 0 0 0 0 1 1 0 0 1 70 699 -0.0249105 -1.69426 0.585079 -0.790948 1.10707 0.701678 -0.807677
0 0 0 1 0 0 1 1 1 0 0 0 71 700 -0.327715 -0.234936 -1.23817 0.860583 0.920149 -1.07242 -1.55344
0 0 0 1 0 0 0 1 0 0 0 1 71 701 -0.327715 -0.31503 -0.143873 1.13496 0.465595 -0.566271 0.424063
0 0 0 1 0 1 1 1 0 0 0 1 71 702 -0.327715 0.725817 -0.290732 -1.0422 -0.225403 -1.01976 -0.577654
0 1 1 1 1 1 1 1 0 0 0 0 71 703 -0.327715 2.30512 -0.802576 -0.764038 0.227174 -1.47232 1.0208
0 0 1 1 0 0 1 1 1 1 1 1 71 704 -0.327715 0.578306 0.693617 -0.296992 2.53043 0.120594 0.21093
0 0 0 1 0 0 0 1 0 1 1 1 71 705 -0.327715 0.123701 -0.283566 0.475395 0.972763 1.21603 -0.312492
0 1 1 0 1 0 1 1 0 0 0 1 71 706 -0.327715 -0.485126 0.635468 0.545029 1.22202 -0.286516 -1.50077
0 0 1 1 0 0 0 0 0 0 1 1 71 707 -0.327715 -0.741774 -0.393531 -0.303268 -1.43945 1.18373 1.09681
1 1 1 1 1 1 1 1 1 1 1 1 71 708 -0.327715 1.37623 -0.0261937 1.84637 -0.0295872 0.639212 0.563781
0 0 1 1 1 1 1 1 1 1 1 1 71 709 -0.327715 1.09569 -1.62776 0.953388 0.602926 0.762285 1.15633
0 1 1 0 0 0 1 0 0 0 0 1 72 710 0.905092 -1.1026 1.67845 -0.902907 0.0803054 -0.00417003 -0.883181
0 0 1 0 0 0 1 1 0 0 0 1 72 711 0.905092 -1.63953 -0.778534 0.0733466 -0.158776 -0.0311117 -1.73034
0 0 0 0 0 0 0 0 1 0 0 0 72 712 0.905092 -3.01475 -0.69961 -0.0665974 0.642592 0.698371 -1.00682
1 1 0 1 0 1 1 1 0 0 0 1 72 713 0.905092 -1.65088 1.7186 2.50085 1.02078 -0.549519 -0.490457
1 1 1 1 1 1 1 1 1 1 1 1 72 714 0.905092 0.38669 0.134654 0.591235 0.35452 -0.0321599 0.390979
1 1 1 1 1 1 1 1 1 1 1 1 72 715 0.905092 1.18619 -0.0612618 0.274752 0.370023 -1.00413 -0.541
0 1 0 1 1 0 1 1 0 0 1 1 72 716 0.905092 -1.00015 0.795006 0.835519 1.47987 -0.488203 -0.963969
0 1 0 1 1 1 0 1 0 0 1 1 72 717 0.905092 -0.41108 -0.595586 -0.226063 0.120481 0.0293405 0.684349
0 0 1 1 0 0 0 1 1 1 1 1 72 718 0.905092 -0.887816 0.962352 -0.635732 0.520099 0.155393 -0.624703
0 0 1 0 1 0 1 1 0 1 1 1 72 719 0.905092 -0.0967084 0.0731815 0.22085 -1.10829 0.686955 -0.671891
0 0 0 1 0 0 0 0 0 1 0 1 73 720 -0.0392031 -1.72706 -0.127913 0.337175 -0.379153 1.7127 -0.710861
1 1 0 1 1 1 1 1 0 1 1 1 73 721 -0.0392031 2.46054 -2.6742 1.28109 1.05164 0.315957 -0.703014
0 0 1 1 0 0 0 1 0 0 1 1 73 722 -0.0392031 -0.355367 -0.513073 1.20494 0.712101 0.0231303 -0.227903
1 0 1 1 1 0 1 1 0 1 1 1 73 723 -0.0392031 0.742982 0.147227 -0.0322033 -0.409632 0.520775 2.91419
1 1 1 1 0 0 1 1 1 1 1 1 73 724 -0.0392031 1.48659 0.0528734 -1.06507 0.302684 0.717756 0.432013
0 0 0 1 0 1 0 0 0 0 0 1 73 725 -0.0392031 -1.53706 0.459681 1.57636 -0.280737 0.722614 -2.68867
0 0 1 0 0 0 0 1 0 1 0 0 73 726 -0.0392031 -1.06399 0.366932 1.44064 0.813931 0.345211 -1.38645
1 1 1 1 1 1 1 1 1 1 1 1 73 727 -0.0392031 2.5182 1.71449 0.140384 0.155749 -0.2352 -0.0414652
1 1 1 0 0 1 1 1 0 1 1 1 73 728 -0.0392031 0.491909 1.26668 -2.14589 0.000925387 0.986827 -1.0516
1 0 1 1 1 1 1 1 1 1 1 1 73 729 -0.0392031 2.46399 -1.36003 -0.356851 0.40106 0.73963 0.117312
1 1 1 1 1 1 1 1 1 1 1 1 74 730 -0.135179 1.43642 0.0790895 1.13375 1.33481 -0.490126 -0.993801
0 0 0 1 1 0 0 0 0 0 1 1 74 731 -0.135179 -0.394931 -0.160386 0.35629 -0.166626 -0.185346 0.368441
0 1 0 0 0 0 0 1 0 0 0 0 74 732 -0.135179 -0.751899 0.880114 -1.19746 0.692755 -0.478788 -1.07129
0 0 1 1 0 0 1 1 0 1 1 1 74 733 -0.135179 0.416476 0.906397 0.116112 -0.177581 0.517317 -1.16527
0 0 1 1 0 0 1 0 0 1 0 1 74 734 -0.135179 0.618324 -0.64237 -1.75252 -0.137157 -0.690287 1.21247
1 1 0 1 0 0 1 1 0 0 0 1 74 735 -0.135179 -0.0553904 0.626183 -0.634605 1.10777 -1.7375 -0.0742787
0 1 0 1 0 0 0 1 1 0 1 1 74 736 -0.135179 0.651799 0.579892 -0.247697 0.509813 -0.512792 -0.442854
0 0 1 1 0 0 0 0 0 0 0 1 74 737 -0.135179 -0.83084 -0.264627 0.193296 -0.0591961 0.0482873 -0.25585
1 1 1 1 0 1 1 1 1 1 0 1 74 738 -0.135179 1.06718 -0.238736 -0.113538 -0.0283597 -0.442868 1.46077
0 0 1 1 0 0 0 0 0 0 0 1 74 739 -0.135179 -0.883756 1.10599 -0.553821 -1.30732 0.646473 -0.79034
0 1 0 0 0 0 1 1 0 0 0 0 75 740 -0.385397 -1.51119 1.00631 -0.185892 1.64107 -0.0164431 -0.559209
0 0 1 1 1 1 1 1 1 0 1 1 75 741 -0.385397 0.863885 -1.38342 1.1891 0.265032 0.371133 0.4423
0 1 1 1 0 0 1 1 0 1 1 1 75 742 -0.385397 -0.0110154 0.993193 0.117105 -0.648711 0.618468 0.141085
0 0 0 0 0 0 0 1 0 0 0 1 75 743 -0.385397 -0.976016 0.119916 -0.632744 0.602584 -1.20053 -0.701992
0 0 0 0 0 0 1 0 0 0 0 1 75 744 -0.385397 -0.170489 0.0962406 -1.54164 -0.339351 -1.16404 -0.658902
1 0 1 0 0 0 0 0 0 0 0 0 75 745 -0.385397 -0.434224 1.37014 -2.17859 -0.919329 -0.693807 -1.02182
0 0 0 1 0 0 0 1 1 0 1 1 75 746 -0.385397 -0.0747453 -1.58462 -0.105112 0.246689 0.322299 0.763528
0 0 0 0 0 0 0 0 0 0 0 1 75 747 -0.385397 -2.01737 -0.80987 -0.332571 -0.445434 0.72663 -1.47932
0 1 1 1 0 1 1 1 0 0 1 1 75 748 -0.385397 0.11486 1.64144 0.0141165 0.846863 1.0942 -0.426064
0 0 1 0 0 0 0 0 0 0 1 1 75 749 -0.385397 -1.09569 -0.28375 -0.88337 -1.16521 1.99669 0.330432
1 1 1 1 0 1 1 1 1 1 0 0 76 750 -0.0255777 0.727975 0.50708 -1.22841 1.34666 -0.295752 0.331449
0 1 0 1 0 0 1 1 0 0 0 0 76 751 -0.0255777 0.0417266 0.0942586 0.316421 0.345858 -1.35407 0.111268
0 0 0 0 1 0 1 1 0 0 0 0 76 752 -0.0255777 -1.05926 -0.210978 0.141545 1.68755 -0.575639 0.57549
0 0 1 1 0 1 0 1 0 1 1 1 76 753 -0.0255777 -0.263206 0.0398994 0.164028 1.34018 0.848221 0.635202
0 0 0 1 0 1 0 0 0 0 0 0 76 754 -0.0255777 -1.09333 0.0182709 0.620486 -1.10228 -0.689533 -2.08486
0 0 0 0 0 0 0 0 0 0 0 1 76 755 -0.0255777 -0.533573 -0.488004 -1.10804 0.127022 -0.508484 -0.518492
0 0 0 0 0 0 0 0 0 0 0 0 76 756 -0.0255777 -0.986941 -0.665282 -0.396734 -0.237615 0.276378 0.33771
1 1 1 1 1 1 1 1 0 0 1 0 76 757 -0.0255777 0.965339 1.70713 1.23955 -0.995775 -1.12352 0.985419
0 1 0 1 1 1 1 1 1 0 0 0 76 758 -0.0255777 -0.123431 -0.309999 1.82076 2.03571 -0.682998 0.552611
0 0 0 1 0 1 1 1 0 0 1 1 76 759 -0.0255777 0.248054 0.344189 0.590796 -0.256368 -0.188328 0.294234
0 1 1 0 0 0 0 0 0 0 0 0 77 760 -0.178041 -0.28795 1.29265 -0.144737 -1.94522 0.0101134 1.59063
1 1 1 1 0 1 0 0 0 0 0 0 77 761 -0.178041 0.578901 2.48869 0.714586 -0.357006 -1.60198 0.196966
0 0 0 0 0 0 0 0 0 0 0 0 77 762 -0.178041 -1.25705 0.534296 -0.990691 -0.86329 0.165884 -1.04882
1 1 1 1 1 0 1 1 0 0 1 1 77 763 -0.178041 1.04467 -0.355108 -0.82156 0.716501 -0.201738 0.434114
0 0 0 0 0 0 1 0 0 0 1 1 77 764 -0.178041 -1.71389 -0.28095 -0.00756846 0.0341575 1.27862 -1.05225
1 1 1 0 0 0 1 1 0 0 0 1 77 765 -0.178041 -1.12203 2.72926 -0.233339 0.378444 1.12719 -1.44066
0 1 0 1 0 1 1 1 0 0 1 1 77 766 -0.178041 0.386093 0.538714 0.227558 0.638279 -0.701533 -0.739624
1 1 1 1 0 1 0 1 1 1 1 1 77 767 -0.178041 0.92088 0.934849 0.22231 1.06536 0.429967 1.06586
0 0 0 0 0 0 0 0 0 0 0 1 77 768 -0.178041 -0.599932 -0.650654 -0.304943 -0.487813 0.52297 -0.0421519
1 1 1 0 0 0 0 0 0 0 0 0 77 769 -0.178041 -0.606433 1.76285 -1.50759 -1.28569 -0.112086 0.953716
1 1 1 1 0 0 1 1 1 0 0 0 78 770 0.903731 -1.11538 0.718815 -0.677994 1.44083 -0.489849 -0.434503
0 0 1 1 1 1 1 1 1 1 1 1 78 771 0.903731 0.0614373 -2.37354 0.864586 0.952063 0.640066 0.169285
1 1 1 1 1 1 1 1 1 1 1 1 78 772 0.903731 2.11275 -0.313658 0.0358572 -1.38281 -0.102983 -0.561474
0 1 1 1 0 1 0 0 0 0 0 0 78 773 0.903731 -1.38908 0.92196 0.373207 -0.384366 -2.03577 -0.160903
0 0 1 1 0 0 1 1 0 1 1 0 78 774 0.903731 -1.44757 0.0256288 0.420076 0.917671 0.50986 -0.748861
0 1 1 1 1 1 1 1 0 1 1 1 78 775 0.903731 0.28158 -0.336364 0.81262 -0.0120057 0.127413 -0.475609
0 0 0 1 1 1 0 1 0 0 1 1 78 776 0.903731 -0.180848 -1.15278 2.18179 -1.74338 -0.752843 -0.373101
0 1 1 1 0 1 1 1 1 1 1 1 78 777 0.903731 0.360442 -0.200008 0.0794134 -1.26332 0.420581 0.341663
1 1 1 1 0 0 1 1 1 1 1 1 78 778 0.903731 0.834222 0.415767 -0.293558 1.70043 0.654939 0.570251
0 1 0 1 1 1 1 1 1 0 0 0 78 779 0.903731 -0.207213 0.529155 1.37863 -0.210252 -1.23877 0.187391
1 1 1 1 1 1 0 1 1 1 1 1 79 780 0.182501 0.738294 1.36811 0.167128 -0.740833 1.45546 1.31408
0 1 0 0 0 0 1 1 0 0 0 0 79 781 0.182501 0.169234 -0.483562 0.00551297 -0.214647 -1.23857 -0.527436
0 0 0 1 0 1 0 0 0 1 1 1 79 782 0.182501 -0.147404 -2.29749 -0.0764807 -0.54267 -0.316666 -0.657499
0 0 0 0 0 0 0 0 0 0 0 0 79 783 0.182501 -2.12663 -0.275316 -0.837255 -0.36594 -2.0575 -0.766713
0 0 1 0 0 1 1 1 1 0 0 0 79 784 0.182501 -1.51942 0.593127 0.0432108 2.54146 0.303251 -1.26992
0 0 0 0 0 0 1 1 0 0 0 1 79 785 0.182501 -0.850748 -0.26384 -0.101021 0.882655 0.499602 0.0454292
1 1 1 1 1 1 1 1 0 0 1 1 79 786 0.182501 0.450822 0.807106 0.370269 -0.379144 0.433513 0.413941
0 1 1 1 1 1 0 1 1 0 1 1 79 787 0.182501 0.0619746 0.610519 1.10579 0.667034 -0.212427 0.722296
0 1 0 1 1 1 0 0 0 0 1 0 79 788 0.182501 0.407421 -1.38506 1.87843 0.0203461 -0.393575 -0.437955
1 1 1 1 1 1 1 1 1 1 1 1 79 789 0.182501 1.93476 0.824215 0.173562 0.365898 1.03309 0.710299
0 0 0 0 0 1 1 0 0 0 0 0 80 790 -0.00578717 -1.07328 -2.10432 0.369391 -1.1132 -1.24633 -0.445745
1 1 1 1 1 1 1 1 0 1 1 1 80 791 -0.00578717 2.26557 1.89812 2.59952 0.121616 -0.961123 1.24013
0 1 1 1 0 0 0 1 1 0 0 0 80 792 -0.00578717 -1.05902 1.89516 -1.91144 1.33426 -0.801168 -0.537383
0 1 1 1 1 1 1 1 0 0 1 1 80 793 -0.00578717 0.141116 0.0268914 0.617017 -0.332803 0.46536 0.177805
0 0 0 0 0 0 0 0 0 0 0 0 80 794 -0.00578717 -1.68486 0.378699 0.398033 0.907076 -1.41569 -0.61224
1 1 1 1 0 1 1 1 0 0 0 1 80 795 -0.00578717 -0.068067 1.28869 0.415397 -0.673679 -0.531922 -0.779432
1 1 1 1 0 1 1 1 0 1 1 1 80 796 -0.00578717 0.182687 1.21995 1.51293 -0.206047 -0.275625 -1.28406
0 1 0 0 0 0 0 1 0 0 0 0 80 797 -0.00578717 -1.9827 0.836043 0.654478 0.881755 0.106855 -0.966904
1 0 1 1 1 0 1 1 0 1 1 1 80 798 -0.00578717 1.98849 -0.685176 -1.08821 -0.964718 -1.38825 0.920959
1 1 1 1 1 1 0 1 1 1 1 1 80 799 -0.00578717 0.625498 0.0558167 1.08841 -0.721315 1.34205 -1.14229
1 0 0 1 0 0 1 1 1 1 1 1 81 800 0.428357 0.8235 0.612248 -0.708195 -0.95208 0.103338 0.145994
0 0 0 0 0 0 0 0 0 1 1 1 81 801 0.428357 -0.508873 0.0539995 -2.21311 -2.02382 1.01268 -0.0450542
0 0 0 1 0 1 1 1 0 0 0 1 81 802 0.428357 -0.588429 -0.936985 0.364863 -0.528301 -0.354648 1.24282
1 1 1 1 0 1 1 1 1 1 1 1 81 803 0.428357 0.882552 0.866009 -0.0503527 0.92302 0.307327 0.282392
0 0 1 1 0 1 1 1 1 1 1 1 81 804 0.428357 0.996928 -0.677881 0.32989 1.64223 0.476689 0.24724
1 1 1 1 0 0 1 1 0 0 1 1 81 805 0.428357 0.106248 -0.231542 -1.16915 -0.54641 0.60765 0.140436
1 1 0 1 0 1 1 1 0 1 1 1 81 806 0.428357 0.696895 -0.357734 -0.621585 -0.43887 2.94998 0.501078
1 0 1 1 1 1 1 1 1 0 0 1 81 807 0.428357 0.0657079 -0.663451 2.05357 0.372682 -0.284845 0.900719
0 1 0 1 1 1 1 1 0 1 0 1 81 808 0.428357 0.211019 -0.213182 0.467705 -0.504944 -0.529884 0.498754
1 1 1 0 1 1 0 0 0 0 0 1 81 809 0.428357 -1.39461 1.74149 1.33868 -1.44236 0.0472228 -0.71616
0 1 1 1 1 1 1 1 1 1 1 1 82 810 0.296829 0.766277 -1.15284 2.3626 0.449436 0.964677 -0.672988
1 1 1 1 0 1 1 1 0 1 1 1 82 811 0.296829 0.941221 0.755969 0.0437876 -1.34108 0.0704043 -0.268965
1 0 1 1 1 1 1 1 1 0 1 1 82 812 0.296829 -0.14126 0.0225032 0.546825 -0.332902 0.478101 -0.131361
0 1 0 0 1 1 0 1 0 1 1 0 82 813 0.296829 -1.0935 0.326937 1.23877 -0.514139 0.875412 -0.63958
0 0 0 0 0 0 1 1 1 1 1 1 82 814 0.296829 0.00373006 -0.558675 -1.50023 2.17794 1.18192 -0.120418
1 1 1 0 0 0 1 1 1 1 1 1 82 815 0.296829 1.41356 0.526016 -2.9639 0.734355 0.0241417 0.656476
0 0 1 1 1 1 1 1 1 1 1 1 82 816 0.296829 0.165717 -0.0297943 0.919425 -0.259555 1.36205 -1.62338
0 1 0 1 0 0 1 1 1 1 1 1 82 817 0.296829 -0.491986 -0.934728 -0.938114 1.6179 0.849883 -0.411461
1 0 0 1 0 0 1 0 0 0 0 1 82 818 0.296829 0.299946 -0.875776 -1.99896 -0.111347 -0.355471 -0.43178
1 1 1 1 1 1 1 0 0 1 1 1 82 819 0.296829 1.16766 -0.369289 0.984927 -0.844485 0.539835 0.276362
0 0 0 0 1 0 1 0 0 0 0 1 83 820 0.587595 -2.21617 0.746927 0.909334 -1.1304 0.604887 -1.5367
0 1 1 0 0 1 0 0 0 0 1 1 83 821 0.587595 -0.942075 1.41071 1.1549 -1.40996 -0.0242137 1.47995
0 0 0 1 0 0 1 1 1 0 1 1 83 822 0.587595 -0.158152 -0.363915 0.292225 0.84262 -0.658331 0.468801
1 1 1 0 0 0 0 1 0 0 0 0 83 823 0.587595 -0.631693 2.41101 -1.304 -1.06516 -0.912584 -0.5646
0 0 1 1 1 0 1 1 0 0 1 1 83 824 0.587595 0.268321 -1.37406 0.736067 0.0624842 0.0541016 0.502341
0 0 1 0 0 0 1 0 0 0 0 1 83 825 0.587595 -1.33656 -0.203598 -0.24889 0.132513 0.283929 -0.116477
0 0 0 0 0 0 1 1 1 0 1 1 83 826 0.587595 0.28502 -2.29292 -3.46747 0.662643 1.45541 0.0945269
1 1 1 1 0 0 1 1 1 1 1 1 83 827 0.587595 1.1466 -0.247902 -2.078 0.213045 -0.33836 1.6659
1 0 1 1 1 1 1 1 0 0 1 1 83 828 0.587595 -0.30322 1.47324 0.506564 1.26031 0.82937 0.0566695
0 1 1 1 1 1 1 0 0 1 1 1 83 829 0.587595 -0.000503581 0.894658 0.755147 -0.531063 0.801937 -0.839551
0 0 0 0 0 0 0 0 0 0 0 1 84 830 -0.202304 -0.542771 -0.917763 -0.4174 -1.00683 -0.453217 -0.26493
0 0 0 1 0 0 0 0 0 1 0 1 84 831 -0.202304 -1.00114 -0.629217 1.25297 -1.02872 0.843614 0.830913
0 1 1 1 0 0 1 0 0 0 0 1 84 832 -0.202304 0.503389 -0.073046 -0.697665 -1.90207 0.0495018 1.64126
0 0 1 0 0 0 0 1 0 0 0 1 84 833 -0.202304 -0.166546 0.218103 -1.02242 0.735832 -1.24249 -1.20502
0 0 0 1 0 0 0 0 0 0 1 0 84 834 -0.202304 -0.258972 -0.516028 0.0616631 -1.40131 0.478685 -1.03074
0 0 0 0 0 0 1 0 0 0 0 1 84 835 -0.202304 -0.699715 -0.23211 -1.85184 -0.239788 0.289914 -0.189865
0 0 1 1 0 0 0 0 0 1 1 1 84 836 -0.202304 -0.596942 0.558502 -0.727654 -0.714366 1.73621 0.167434
0 0 1 0 0 0 0 0 0 0 0 0 84 837 -0.202304 -2.32744 1.6816 0.86924 -1.21761 0.714498 0.928852
0 0 1 1 0 0 1 1 1 0 0 0 84 838 -0.202304 -0.607562 0.363766 -1.68344 0.932575 -2.49427 -0.113485
0 0 0 0 0 0 1 1 0 0 0 0 84 839 -0.202304 -0.947337 -0.643602 0.0117715 2.29208 -1.96698 -1.18356
0 0 0 0 0 0 1 0 0 0 0 1 85 840 -0.207787 -2.02867 0.289909 -0.858004 -0.308036 0.912062 -0.951473
0 0 0 1 0 1 1 1 1 0 0 0 85 841 -0.207787 -0.314424 -1.06964 0.383332 2.13535 -0.574786 -0.470393
1 1 1 1 0 1 0 0 0 0 1 0 85 842 -0.207787 -0.0205119 0.488238 1.09126 -0.468278 0.00414279 -0.599192
0 0 0 0 0 0 1 1 0 0 1 1 85 843 -0.207787 -0.783284 -1.48076 -0.0852632 0.277931 0.653261 0.057779
1 1 0 0 0 0 1 1 0 1 1 1 85 844 -0.207787 0.434143 0.984495 -3.21103 1.33169 1.1707 1.36403
1 1 1 1 0 0 1 1 0 1 1 1 85 845 -0.207787 1.22298 1.49183 -1.02096 0.0547067 -0.262294 -0.151365
1 1 0 1 1 1 1 1 1 1 1 1 85 846 -0.207787 0.880144 -1.01913 0.107745 1.22906 0.703847 2.24623
0 1 1 1 1 1 0 0 0 0 0 1 85 847 -0.207787 -0.088397 0.523339 1.51622 -2.20978 -0.92779 0.182505
0 1 1 1 0 1 1 1 0 1 0 1 85 848 -0.207787 1.1692 0.0519966 0.80484 0.362691 -0.357986 1.0705
0 0 0 0 0 0 0 0 0 0 1 1 85 849 -0.207787 -0.635549 -0.505822 -1.24477 -0.354296 1.37796 0.58499
0 0 1 0 1 1 0 0 0 0 0 0 86 850 -0.588462 -0.683145 0.54718 1.04269 -1.69132 -0.626967 -0.498787
0 0 1 0 0 0 0 0 0 0 0 0 86 851 -0.588462 -2.40418 0.946108 -0.938247 1.1162 0.188069 -3.38014
0 0 1 1 0 1 1 1 0 0 1 1 86 852 -0.588462 0.500763 0.473272 1.25682 0.69197 0.639462 0.144673
0 0 0 0 0 1 0 0 0 0 0 0 86 853 -0.588462 -1.74334 -0.865897 -0.341452 -0.407453 0.292436 -1.30406
0 0 0 1 0 1 1 0 0 0 0 1 86 854 -0.588462 0.241899 -0.112573 0.247054 -0.0351821 0.469603 -1.86626
0 0 0 0 0 0 1 1 1 0 0 1 86 855 -0.588462 0.529192 -0.379541 -2.15302 1.61313 -0.42525 -1.36434
1 1 1 0 0 0 1 1 0 1 1 0 86 856 -0.588462 0.537823 1.8216 -1.90106 0.557245 -0.152209 -0.129193
1 1 0 1 1 1 1 1 1 1 0 0 86 857 -0.588462 2.87918 0.094246 0.231839 0.486412 -2.06674 0.888976
0 1 1 0 0 0 1 0 0 0 1 1 86 858 -0.588462 -0.0167169 0.422909 -2.10273 -0.110855 1.25801 -0.165873
0 1 1 1 0 0 1 0 0 0 1 1 86 859 -0.588462 0.86865 1.13497 -1.3763 -0.177714 -0.121782 -0.0946887
1 1 1 1 1 1 1 1 0 1 1 1 87 860 0.149921 2.03605 1.1252 1.56683 -1.82056 2.20201 0.291814
1 0 1 1 1 1 1 1 1 1 1 1 87 861 0.149921 1.15532 0.202936 -0.722978 1.25424 0.99947 0.435426
1 1 1 1 0 1 1 0 0 1 0 0 87 862 0.149921 0.492957 -0.509962 0.381078 -1.70374 -0.642408 0.792406
1 1 1 1 1 1 1 0 0 1 1 1 87 863 0.149921 1.69678 0.794872 1.44756 -1.6797 1.17728 -0.295032
1 1 1 1 1 1 1 1 1 1 1 1 87 864 0.149921 2.39433 0.736839 0.692702 -0.701303 -0.698065 0.770698
1 0 1 1 1 1 1 1 0 1 0 1 87 865 0.149921 0.515029 0.865526 -0.236361 -0.855651 -0.718439 0.443188
0 1 0 1 0 1 0 1 0 0 1 0 87 866 0.149921 -0.936687 0.512155 1.09485 0.0918007 0.446776 -0.285686
0 1 0 0 1 1 1 1 1 1 0 1 87 867 0.149921 -0.0495195 0.505084 0.847223 1.06561 -0.339866 0.0188444
1 1 1 1 1 0 1 1 0 0 1 0 87 868 0.149921 1.02783 1.11783 0.600408 0.203363 -1.27367 2.0785
1 0 1 1 0 0 1 1 0 0 0 0 87 869 0.149921 -0.0994174 -0.211464 -0.711257 -0.326319 -1.41715 0.654149
0 1 0 0 0 0 0 1 0 0 0 0 88 870 -0.0701224 0.0584029 -0.787759 -0.699862 -0.272519 -1.37699 -0.251968
0 0 0 0 0 0 0 0 0 0 0 1 88 871 -0.0701224 -2.04099 -0.541436 -1.04864 0.514745 1.13305 -0.0577329
0 0 0 0 0 0 0 1 0 0 0 0 88 872 -0.0701224 -1.49901 -1.04357 0.714612 -0.653719 -0.341927 -0.143157
1 1 0 0 0 0 0 1 1 1 1 1 88 873 -0.0701224 0.530636 0.88535 -1.07193 -0.143279 -0.143792 1.11019
0 1 1 1 1 0 1 1 1 1 1 0 88 874 -0.0701224 -0.122133 -0.64864 -0.127504 0.344106 0.643598 -1.04428
0 0 1 1 1 1 1 1 0 1 1 1 88 875 -0.0701224 1.55893 -1.58488 0.571667 0.192592 -0.12394 1.48645
1 1 0 1 1 1 1 1 1 1 1 1 88 876 -0.0701224 2.8303 -1.27761 1.03863 -0.364879 0.0303474 0.0719887
0 0 1 1 0 0 1 0 0 0 0 0 88 877 -0.0701224 -0.211136 -1.5689 -0.431121 -0.318516 -0.758158 0.731163
1 0 1 1 0 0 1 1 0 0 0 1 88 878 -0.0701224 0.290684 0.717329 -0.181763 -0.397899 -0.908906 0.715622
1 1 1 1 0 0 0 0 0 1 1 1 88 879 -0.0701224 0.924865 0.484111 -0.48613 -0.735211 0.575317 0.0399654
0 0 0 1 0 0 1 1 0 1 1 1 89 880 0.38679 -0.44515 -1.58504 -0.0623222 -0.0698592 1.03845 -0.704862
1 1 1 1 0 1 0 0 0 1 1 1 89 881 0.38679 -0.147408 1.4028 1.28142 -1.91637 0.0300699 0.0335555
1 1 1 1 1 1 1 1 1 1 1 1 89 882 0.38679 1.7735 0.732303 -0.952975 1.29032 1.33756 1.15239
0 0 1 1 0 1 0 1 1 1 1 1 89 883 0.38679 0.832488 -1.03451 0.896048 -0.116571 0.433171 -0.945658
0 0 0 1 1 1 1 1 1 1 1 1 89 884 0.38679 -0.176447 -2.13072 2.25455 0.986455 1.49596 -0.915279
1 1 1 1 0 0 1 1 0 1 1 1 89 885 0.38679 0.123708 1.13994 -1.65494 0.0130922 0.906493 2.01267
1 1 0 1 0 1 0 1 1 1 1 0 89 886 0.38679 0.0611408 1.17602 -0.833988 0.622122 0.0872015 -0.865521
1 0 1 1 0 1 1 0 0 0 0 0 89 887 0.38679 -0.0388962 -1.04929 -0.611635 -0.305604 -1.6031 0.468499
1 0 1 1 0 0 1 1 0 0 0 0 89 888 0.38679 -0.272318 0.495241 0.412128 -0.175362 -1.20307 -1.75462
0 0 1 1 0 1 0 1 0 1 1 0 89 889 0.38679 -0.763385 -1.2875 1.20128 0.964945 0.23823 -0.428352
0 0 1 1 0 1 0 1 1 1 1 1 90 890 0.601607 -0.225245 -2.31897 0.75518 0.606761 1.37547 0.51653
1 1 1 1 0 0 1 1 1 0 1 1 90 891 0.601607 0.042538 1.90389 -0.448547 1.32156 -0.36323 0.579869
0 0 0 0 0 0 1 1 0 0 0 0 90 892 0.601607 -2.11201 0.180624 0.597359 0.523553 -0.44228 -0.64607
0 0 0 0 0 0 0 0 0 1 0 1 90 893 0.601607 -0.824385 -1.85023 -1.65483 -1.62834 0.340611 0.742371
0 0 1 1 0 0 0 0 1 0 0 0 90 894 0.601607 -2.09594 1.46334 0.610125 0.0132462 -0.848154 0.230544
0 0 0 1 1 1 1 1 0 1 1 1 90 895 0.601607 -0.0865117 0.421211 0.265213 0.631337 0.555336 -0.560787
0 0 0 0 0 0 0 0 0 0 1 0 90 896 0.601607 -1.55553 -1.00826 -0.061347 -0.421709 -0.857938 -1.20039
1 1 1 1 1 1 1 1 1 1 1 1 90 897 0.601607 1.22672 0.946677 -1.04986 0.604398 0.073272 1.67886
0 0 1 1 1 1 1 1 0 1 1 1 90 898 0.601607 0.801099 -1.82558 -0.114105 0.622531 0.315131 0.00263457
0 0 1 0 0 1 0 1 0 1 1 1 90 899 0.601607 -0.699771 -0.484702 0.300078 -0.252157 1.03543 -0.818807
0 1 1 1 1 1 1 1 1 0 0 0 91 900 0.590843 0.36403 -0.256669 1.72022 0.558945 -1.74549 -0.106898
0 1 0 1 0 0 1 1 0 1 1 1 91 901 0.590843 -0.809584 -0.837802 0.101083 0.625006 1.04627 -0.567065
0 1 1 0 0 0 0 1 0 0 0 0 91 902 0.590843 -0.606082 0.338604 -1.21902 -0.257692 -0.621225 -2.47537
1 0 1 1 0 1 1 1 0 1 1 1 91 903 0.590843 0.503503 -0.0711413 0.787812 -0.84981 -0.103379 0.840015
0 1 1 1 0 1 1 1 0 1 1 1 91 904 0.590843 0.548088 -0.495806 -1.33241 -0.557027 0.2306 0.280235
1 1 1 1 1 1 1 1 0 0 1 0 91 905 0.590843 0.304792 1.21533 0.156607 -0.868209 -1.38339 1.20084
0 0 0 1 0 1 1 1 1 1 1 1 91 906 0.590843 -0.339824 -1.04578 -0.303585 2.17592 -0.0985449 -0.273269
1 1 1 1 0 0 1 1 1 1 1 0 91 907 0.590843 0.614772 2.3712 0.415072 0.691357 -0.884966 -0.572899
0 0 0 1 0 0 1 0 0 0 1 1 91 908 0.590843 -0.871199 -1.3255 -0.543018 -0.00444139 0.515595 0.407348
0 1 1 1 0 1 1 1 1 1 0 1 91 909 0.590843 0.86141 -0.466585 -1.14641 -1.23241 -0.569273 1.30062
0 0 1 1 1 1 0 1 1 1 0 1 92 910 -0.192207 0.80546 -0.370154 1.24155 -1.54831 -0.652564 -0.331354
0 1 1 1 0 0 1 1 1 1 1 1 92 911 -0.192207 0.692681 0.909173 -0.442467 0.76171 0.287775 -0.0255205
1 1 1 1 1 1 1 1 1 0 0 0 92 912 -0.192207 1.31052 2.2221 0.253084 0.372785 -1.70238 -0.994042
0 0 1 1 0 0 1 1 0 1 1 1 92 913 -0.192207 0.555376 -0.613034 -0.217366 -0.147072 1.09176 -0.404982
0 1 1 1 1 1 0 1 0 0 0 0 92 914 -0.192207 0.319107 0.483853 0.801951 -0.841068 -1.23221 -0.2088
0 0 0 0 0 1 0 0 0 1 1 1 92 915 -0.192207 0.678723 -1.31173 -0.376189 -1.23855 0.432553 0.571284
1 1 1 1 1 1 1 1 1 0 1 0 92 916 -0.192207 0.564126 0.985854 -0.0538718 0.540751 -0.199114 1.34655
0 1 1 1 0 1 1 1 0 0 0 1 92 917 -0.192207 0.520142 -0.307132 0.461224 -0.567944 -1.11288 -0.132686
0 1 1 1 0 0 0 1 0 1 0 0 92 918 -0.192207 0.964644 0.916507 0.19985 -1.22335 -1.47503 1.95881
0 0 0 0 0 0 1 0 1 1 1 1 92 919 -0.192207 -0.471943 0.19894 -0.180881 -0.107293 1.41469 0.203099
1 1 1 1 1 1 1 1 1 1 1 1 93 920 0.656925 2.41941 -0.304373 -0.0589991 -1.37711 0.0962708 0.667961
0 0 0 1 1 0 0 1 0 1 0 1 93 921 0.656925 -0.310715 -0.218448 -0.0392541 -1.40038 0.536476 -1.06708
1 1 1 1 1 1 1 1 1 1 1 1 93 922 0.656925 2.27997 0.0246349 0.132715 0.448064 1.10996 0.614409
1 1 1 1 0 0 1 1 0 1 1 1 93 923 0.656925 0.824855 -0.592891 0.0739454 0.517097 0.402251 0.612797
1 1 1 1 1 1 1 1 1 1 1 1 93 924 0.656925 1.68189 0.927383 -0.299674 1.89355 -1.1524 0.696946
1 1 1 0 0 0 0 0 0 0 0 1 93 925 0.656925 -2.32385 2.11094 -1.6992 -1.60601 -1.08883 -0.48395
1 1 1 0 0 0 1 1 1 0 0 1 93 926 0.656925 -0.707184 0.853698 -1.19411 0.42209 -0.0131317 0.184138
1 1 1 0 1 1 1 1 1 1 1 1 93 927 0.656925 0.389593 1.20548 0.726236 2.74781 0.718785 -1.12243
0 0 1 0 0 0 1 1 1 1 1 1 93 928 0.656925 -0.504907 -0.0890522 0.229118 -0.144957 1.03119 1.04811
0 0 0 0 0 0 0 1 0 0 1 1 93 929 0.656925 -1.612 -1.60664 -0.759017 -1.25727 0.585537 0.507166
0 0 1 1 0 0 1 1 0 0 0 1 94 930 -0.965954 0.987643 -0.318246 0.788978 -0.145051 -1.03564 0.145562
0 0 0 0 0 0 1 1 0 0 0 1 94 931 -0.965954 -0.874292 0.649552 0.0190982 1.37187 1.82749 -0.420882
1 1 1 0 0 0 0 1 1 1 0 1 94 932 -0.965954 0.835964 1.17807 -0.465601 0.0951142 -0.166348 1.56942
0 0 0 0 0 0 1 0 0 0 1 1 94 933 -0.965954 -0.620621 -0.717546 -0.940976 0.771833 1.46581 -0.228558
0 0 0 0 0 0 0 1 1 0 0 1 94 934 -0.965954 -0.544694 0.46192 1.13849 0.660383 1.14424 0.215441
0 1 0 0 0 0 1 1 0 0 0 1 94 935 -0.965954 -0.110648 -0.0850273 -3.09691 0.44701 1.21203 0.583764
0 0 0 0 1 1 0 0 0 0 0 0 94 936 -0.965954 -0.273904 0.870729 1.58227 -0.179235 0.00283068 2.06376
0 0 1 0 0 0 0 1 0 0 0 0 94 937 -0.965954 -0.0304826 0.812359 0.465685 1.03722 -0.892801 -1.53092
0 1 1 1 0 0 0 1 0 0 1 1 94 938 -0.965954 0.618201 -0.165018 -0.894655 -0.108208 0.456171 0.915677
0 0 0 0 0 0 1 1 0 0 0 1 94 939 -0.965954 -0.624702 0.081656 -0.133186 -0.302283 -0.0933597 -0.277722
1 1 1 1 1 1 1 1 1 1 1 1 95 940 -0.0318605 0.598796 0.538245 1.13475 2.45839 0.471983 0.667109
0 0 0 1 1 0 0 1 0 1 0 1 95 941 -0.0318605 -0.706185 0.357251 1.21321 -0.946564 0.402355 -0.410079
0 0 1 1 0 0 0 1 0 0 0 1 95 942 -0.0318605 -0.110863 -1.54439 -0.924973 -1.11373 0.450293 -0.515529
0 0 0 0 0 0 0 0 0 0 0 1 95 943 -0.0318605 -1.61875 0.589116 0.293152 -0.0760664 0.946608 -2.11106
0 1 0 0 0 1 1 1 0 0 0 0 95 944 -0.0318605 -1.18507 0.909071 0.447085 1.78677 -1.25586 -0.595574
0 0 1 0 0 0 0 1 0 0 0 1 95 945 -0.0318605 -1.81249 0.27171 -0.772745 -0.266875 -1.90938 -1.91887
0 0 0 0 0 0 0 0 0 0 1 1 95 946 -0.0318605 -1.83276 -0.737892 -0.177168 -2.16474 2.17075 0.295968
1 1 1 1 0 1 1 1 0 1 1 1 95 947 -0.0318605 1.04827 0.833489 -0.584145 -1.06135 0.121145 0.722022
0 0 0 0 0 0 0 1 1 0 0 0 95 948 -0.0318605 -1.00206 0.81389 -1.00503 0.240294 -0.536442 0.134229
1 1 1 1 1 1 1 1 1 1 1 1 95 949 -0.0318605 0.99734 0.851861 -0.543765 -0.616735 1.39873 1.54088
0 0 0 1 0 1 1 1 1 1 1 0 96 950 0.820666 0.129249 -1.65086 0.620378 1.18079 -1.11136 1.12009
1 1 1 1 0 1 1 1 1 0 1 1 96 951 0.820666 0.925224 1.9811 -0.921883 0.856862 -1.10875 1.24124
1 1 1 1 0 1 1 1 1 1 1 1 96 952 0.820666 0.191684 1.94481 -1.20178 -1.09174 1.37562 0.011563
0 1 0 1 0 0 1 1 1 0 1 0 96 953 0.820666 0.808682 -0.908081 -0.332105 -0.47106 -1.14852 1.69209
1 1 1 1 1 0 1 1 0 1 1 1 96 954 0.820666 1.75915 -0.0525995 -0.644506 -0.11584 -0.168065 1.53753
0 0 0 1 0 0 1 1 0 0 0 1 96 955 0.820666 -1.87732 -0.459046 0.491296 0.553423 -0.0735474 -1.38447
0 0 0 1 1 1 1 1 0 0 0 0 96 956 0.820666 -0.657511 -0.698232 0.988812 1.16228 -0.789101 0.190066
0 0 1 1 0 0 1 1 1 0 1 1 96 957 0.820666 0.600845 -0.480441 -0.100464 0.916125 -0.404802 0.409823
1 1 1 1 0 0 0 1 0 0 0 0 96 958 0.820666 0.313836 0.774588 -0.547685 1.02968 -2.07974 -1.21506
1 1 1 1 1 1 1 1 0 1 1 1 96 959 0.820666 0.869613 1.23923 0.0240432 -1.1004 0.868389 -0.436719
0 0 1 1 0 0 1 1 1 0 0 1 97 960 -1.07269 0.934715 -0.662461 -0.429014 1.09484 0.504771 -0.351995
0 0 0 0 0 0 0 1 0 0 0 0 97 961 -1.07269 -2.23867 -0.643487 0.108489 0.99636 0.054623 -1.10185
0 0 0 0 0 0 0 0 0 0 0 0 97 962 -1.07269 -1.37439 -0.519544 1.71719 0.958113 1.42218 0.925535
1 1 0 1 1 1 1 1 1 1 1 1 97 963 -1.07269 2.00091 0.755822 1.89881 0.507974 1.0348 -0.207719
0 0 0 0 0 0 0 0 0 0 0 0 97 964 -1.07269 -2.6994 0.302732 -0.387552 0.344628 0.502114 -1.91233
0 0 1 0 0 0 1 1 0 1 0 1 97 965 -1.07269 -0.0521777 0.0966234 -0.316012 0.650687 1.81582 1.35764
0 0 0 0 0 0 0 1 0 0 0 0 97 966 -1.07269 -1.27862 -0.388444 -0.0475314 0.411778 -0.653307 -2.46166
0 1 1 1 0 0 0 1 0 0 0 1 97 967 -1.07269 0.850901 1.24521 -0.0299739 -1.16102 -0.381752 -0.233688
0 0 0 0 0 0 0 1 0 0 0 0 97 968 -1.07269 0.0342072 -1.66627 0.648459 -0.0785846 -3.40159 -0.683768
0 0 0 0 0 0 0 0 0 0 0 1 97 969 -1.07269 -1.07136 1.10504 -0.793457 0.435357 0.285262 -1.01432
1 1 1 1 0 1 1 1 0 0 1 1 98 970 0.640503 -0.0715623 1.53184 0.653203 0.855103 0.227927 0.53996
0 0 0 1 0 0 1 1 0 1 1 1 98 971 0.640503 0.368241 -3.7193 -0.616111 -1.2825 -0.293658 0.644424
1 0 0 1 0 0 1 1 1 1 1 1 98 972 0.640503 0.384479 -0.0657529 -1.44074 1.41543 0.923403 -0.11728
1 0 1 1 1 0 1 1 0 0 1 1 98 973 0.640503 0.598225 -0.843006 -1.37318 -0.489174 -0.464646 2.08611
1 1 0 1 1 1 0 1 0 1 1 1 98 974 0.640503 1.29307 -1.07697 -0.102343 -0.876803 0.015037 1.12242
0 1 0 1 0 1 1 1 1 1 0 1 98 975 0.640503 -0.303628 -1.06944 -0.675554 -0.139485 -0.354657 -1.11968
0 0 0 0 1 1 1 1 0 1 1 1 98 976 0.640503 -1.34918 -1.11179 1.2755 1.06073 1.38053 0.202165
0 1 1 1 1 1 1 1 0 1 1 1 98 977 0.640503 1.04481 -0.65813 1.00081 -1.01941 0.0803664 -0.283059
1 1 1 1 0 0 1 1 1 1 0 1 98 978 0.640503 1.12168 -0.0447148 -0.484613 -0.270935 -1.4145 -0.936351
1 1 1 1 1 1 1 1 1 1 1 1 98 979 0.640503 2.21208 1.85732 1.52153 1.14866 -0.504384 0.449992
1 1 1 1 1 1 1 1 0 1 1 1 99 980 0.74807 0.507581 1.04622 0.703633 -0.240841 -0.66602 1.64769
0 0 1 1 1 1 1 1 0 0 1 0 99 981 0.74807 -0.102158 -0.535286 -0.849769 -0.413209 -0.38155 0.634328
0 0 0 0 0 0 0 0 0 0 0 1 99 982 0.74807 -1.91293 -0.914148 -0.715705 0.0393649 1.00923 0.340736
1 1 1 1 1 1 1 1 0 1 1 1 99 983 0.74807 0.99497 -0.880434 0.433113 -0.302741 0.292969 -0.310632
0 1 0 0 0 0 1 1 1 1 1 1 99 984 0.74807 -0.748837 -0.0458418 -0.197473 -0.0955081 0.846467 -0.26566
0 0 1 1 0 0 0 1 1 0 0 1 99 985 0.74807 -0.557113 -0.338097 -0.47424 -0.235725 -0.134404 0.175715
0 0 1 1 1 1 0 1 0 1 1 1 99 986 0.74807 0.76091 -1.41992 1.19585 -0.639051 2.0897 0.624205
0 1 1 0 0 0 0 0 0 0 0 1 99 987 0.74807 -1.20471 0.62876 -1.13625 -1.59653 -1.89503 -0.886658
1 1 1 1 1 0 1 1 1 0 1 1 99 988 0.74807 0.452917 2.65369 0.1478 1.16558 -1.21472 1.07076
1 1 0 1 1 1 0 1 0 1 1 1 99 989 0.74807 -0.420272 -0.0255979 1.40016 -0.353139 0.467178 -0.140877
0 0 1 1 1 0 1 1 0 1 1 1 100 990 0.748905 0.397362 -1.28621 -0.556392 -0.106189 0.364714 1.12155
1 1 1 0 0 1 0 0 0 0 0 1 100 991 0.748905 -2.00073 1.60493 1.66294 -1.31187 0.293165 0.347743
1 1 1 1 0 0 1 1 1 1 1 1 100 992 0.748905 -0.17611 0.815869 -0.829344 0.293263 1.5914 0.327221
0 0 1 0 0 0 1 1 1 0 1 1 100 993 0.748905 -0.395839 -0.473219 -0.347475 0.926106 -0.678953 -0.889708
0 0 1 1 0 0 1 1 0 0 1 1 100 994 0.748905 -0.305843 0.582767 -0.0910258 -0.136101 -0.263946 1.45522
1 1 1 1 1 1 1 1 1 1 1 1 100 995 0.748905 1.52665 0.668111 1.11204 1.13877 0.496288 0.0726804
1 1 1 1 0 0 1 0 0 1 1 1 100 996 0.748905 -0.123715 0.494215 -1.6042 -2.26033 1.13034 0.821565
0 0 1 0 0 0 0 1 0 0 0 1 100 997 0.748905 -2.74333 1.59578 -2.1078 1.09025 0.488695 -0.0997182
1 1 1 1 0 0 1 1 1 1 1 1 100 998 0.748905 1.09952 1.34301 -1.00115 0.361078 -0.0253658 0.644176
1 1 1 1 1 1 1 1 1 1 1 1 100 999 0.748905 0.876731 -0.329887 0.540299 0.677264 0.0875242 1.35916
