1	v1	1	4	2	2	-1.6787789	1.8905405	0.0000000	0.0000000	0.0000000
1	v2	1	4	2	2	-1.1362785	1.9086671	0.0000000	0.0000000	0.0000000
1	v3	1	4	2	2	-0.6280107	1.9069404	0.0000000	0.0000000	0.0000000
1	v4	1	4	2	2	-0.3351292	0.0000000	2.4303155	0.0000000	0.0000000
1	v5	1	4	2	2	-1.1598045	0.0000000	2.2277177	0.0000000	0.0000000
1	v6	1	4	2	2	1.5429009	0.0000000	1.8836870	0.0000000	0.0000000
1	v7	1	4	2	2	-1.2889303	0.0000000	0.0000000	1.9257711	0.0000000
1	v8	1	4	2	2	-0.8526083	0.0000000	0.0000000	2.1648833	0.0000000
1	v9	1	4	2	2	-0.3668698	0.0000000	0.0000000	1.6853949	0.0000000
1	v10	1	4	2	2	-0.0516107	0.0000000	0.0000000	0.0000000	2.4694890
1	v11	1	4	2	2	0.7653929	0.0000000	0.0000000	0.0000000	1.6760090
1	v12	1	4	2	2	1.1411391	0.0000000	0.0000000	0.0000000	1.9225017
1	v13	1	4	2	2	2.7729785	0.0000000	0.0000000	0.0962000	0.9556537
1	v14	1	4	2	2	1.5985316	0.0000000	0.0000000	0.6988932	1.0291252
1	v15	1	4	2	2	-1.3786081	0.0000000	0.0000000	0.5488345	1.8484941
0	G	1	4	2	16	4	0.0000000	0.0000000	0.0000000	0.0000000	1.0000000	0.0000000	1.0000000	0.0000000	0.0000000	1.0000000	0.0000000	0.0000000	0.0000000	1.0000000	1.5002832e-01	1.6623281e-01	3.8890206e-02	1.9192117e-01	7.5034241e-03	3.9064076e-02	5.3154688e-03	1.1005979e-01	1.4511698e-03	1.5935585e-02	1.6529129e-03	7.1277456e-02	3.3626841e-04	1.5278515e-02	9.3494535e-04	1.8411789e-01
1	a1	2	1	2	2	-1.9009079	2.9728294
1	a2	2	1	2	2	-0.9156885	1.9597338
1	a3	2	1	2	2	0.6731585	1.8881869
1	a4	2	1	2	2	2.8552338	3.0021029
0	D	2	1	0	0.0000000	1.0000000
