4.148629	1.905284	0.512446	0.430473	0.310743	0.267484	0.240444	0.184496	
1.000000	
0.578984	1.000000	
0.731060	0.634591	1.000000	
0.692584	0.662949	0.802842	1.000000	
0.216083	0.297606	0.268503	0.328090	1.000000	
0.206561	0.280139	0.222560	0.273132	0.603041	1.000000	
0.225133	0.309236	0.325300	0.380489	0.730388	0.568753	1.000000	
0.199197	0.296044	0.314135	0.338834	0.721050	0.568222	0.759644	1.000000	
-1.684163	-1.203795	-0.978868	-0.455897	0.068494	0.704328	
-1.542851	-0.999802	-0.603652	-0.237477	0.385781	1.080626	
-1.501966	-0.873753	-0.568102	-0.120058	0.390393	1.119801	
-1.463448	-0.918491	-0.624311	-0.189336	0.395014	0.992776	
-1.088328	-0.543144	-0.176287	0.145952	0.818680	1.528938	
-1.426987	-0.848958	-0.513633	-0.128680	0.598527	1.403695	
-0.938237	-0.451156	-0.102842	0.228686	0.812714	1.501966	
-1.050441	-0.474964	-0.085655	0.189336	0.783307	1.392330	
