0 0 1 0 0 1 0 0 0 1 0 -0.933902
0 0 0 1 0 0 1 0 0 0 1 -1.29452
0 1 0 1 0 0 0 0 0 1 2 -0.964899
0 0 1 0 0 0 1 0 0 1 3 0.661074
0 0 1 1 1 0 1 1 1 0 4 0.628218
0 0 0 0 0 1 0 0 1 1 5 -0.692043
0 0 1 0 1 1 0 1 0 1 6 0.290248
0 0 1 1 1 1 1 1 1 0 7 0.414658
0 1 1 0 0 1 1 0 0 1 8 1.81222
1 0 1 1 1 0 1 0 1 0 9 0.334197
1 1 1 0 1 1 1 1 1 1 10 1.6481
1 1 1 1 0 1 0 0 1 1 11 0.528937
0 0 1 0 1 0 0 0 1 0 12 -0.921314
1 0 1 0 1 1 0 0 1 1 13 0.59625
0 0 0 0 0 1 0 0 0 1 14 -0.85752
0 0 1 1 1 0 1 0 1 1 15 0.851363
1 1 1 1 0 1 1 1 0 1 16 0.189306
0 0 1 0 1 0 1 0 0 0 17 -0.676131
1 0 1 0 0 1 1 1 1 1 18 -0.114371
0 1 1 0 1 0 0 0 1 0 19 -0.0428274
0 0 1 1 1 1 1 1 1 1 20 1.64023
1 1 0 1 1 1 1 1 1 1 21 1.07268
1 1 1 1 0 0 0 0 0 1 22 -0.0995928
1 0 0 0 0 1 0 0 0 1 23 -0.907834
0 0 1 1 0 1 1 0 1 1 24 1.35716
0 1 1 1 0 0 0 0 1 1 25 -0.0239648
1 0 0 0 0 1 1 0 0 1 26 -0.266857
1 1 1 1 1 1 1 1 1 1 27 3.52956
0 1 0 1 1 1 0 0 1 1 28 0.628396
0 0 1 0 0 1 1 0 0 1 29 -0.758159
0 0 1 1 1 0 0 0 0 1 30 0.243837
1 0 0 0 0 0 1 1 1 0 31 0.0823654
0 0 0 1 1 0 0 0 1 0 32 0.215947
1 0 1 1 1 1 1 1 1 1 33 0.804967
1 0 0 1 0 0 1 0 1 1 34 -0.280784
1 0 1 1 1 1 0 1 1 1 35 0.364455
0 0 0 0 0 0 0 0 0 1 36 -1.38284
1 1 1 1 1 1 0 1 1 1 37 1.25848
1 1 1 1 1 1 1 1 1 1 38 2.02579
0 1 1 1 0 1 0 0 1 0 39 0.220166
1 1 0 0 0 1 1 0 0 1 40 0.764054
0 1 0 0 0 0 0 1 1 0 41 -1.43756
1 1 1 1 1 0 1 1 1 1 42 1.29708
1 0 1 1 0 0 0 1 0 0 43 0.663064
0 0 1 1 0 0 1 1 1 0 44 -0.161035
0 0 1 1 0 0 1 1 0 0 45 -1.36454
1 1 1 1 1 1 1 0 0 1 46 1.31164
0 1 0 0 0 1 0 0 0 1 47 -1.78025
0 0 1 0 1 0 0 0 1 0 48 -0.259163
1 0 0 0 0 0 0 0 1 1 49 -0.444977
1 1 0 1 1 1 0 0 1 1 50 1.03869
1 0 1 1 0 0 0 0 1 1 51 -0.0467301
0 1 1 1 0 0 1 1 1 1 52 1.33689
0 1 0 1 0 0 0 0 1 1 53 0.562711
1 0 0 0 0 0 0 0 0 1 54 -0.607105
1 0 0 1 1 1 1 1 1 0 55 0.819128
0 0 0 0 1 1 0 0 0 0 56 -0.231917
1 1 1 1 0 0 1 1 1 0 57 1.33762
0 1 1 1 1 1 1 1 1 0 58 1.82503
0 1 1 1 1 1 1 1 0 0 59 1.38341
1 0 1 0 1 1 1 0 0 0 60 -0.240338
0 1 1 0 1 1 0 0 1 0 61 0.158448
0 0 0 0 0 1 0 0 1 0 62 -0.461151
1 0 1 1 1 0 0 1 1 1 63 1.11474
1 1 1 1 1 1 1 1 1 1 64 2.58988
1 1 1 1 1 0 0 0 1 1 65 0.0217973
0 0 1 1 1 1 0 1 1 1 66 0.673833
1 0 1 1 0 1 0 0 0 0 67 0.117848
1 1 0 1 0 0 1 0 1 1 68 1.16231
1 0 0 1 1 0 0 0 1 0 69 -0.553764
0 0 1 0 0 0 0 0 1 0 70 -0.744373
1 1 1 0 1 0 1 0 0 0 71 -0.220892
1 1 1 1 1 1 1 1 1 1 72 1.53275
0 0 1 1 1 0 1 0 1 1 73 -0.299935
1 1 1 1 1 1 1 1 1 0 74 2.71801
0 1 0 0 0 1 1 0 0 0 75 -1.12663
1 1 1 0 1 1 1 1 1 1 76 1.55121
1 1 1 1 0 1 1 0 1 1 77 1.14082
1 0 1 1 1 1 1 0 0 0 78 0.790644
1 1 1 1 1 1 1 1 1 0 79 1.57123
1 0 1 0 0 0 1 0 0 0 80 -1.00677
1 1 1 1 1 1 1 1 1 1 81 1.31763
1 0 1 1 1 1 1 1 1 1 82 1.41823
0 0 1 1 1 0 0 0 1 0 83 -0.59931
0 0 1 0 1 0 0 0 0 1 84 -0.928459
1 0 0 1 0 1 1 0 1 1 85 -0.233584
1 0 1 1 0 1 0 0 0 0 86 0.157316
1 1 0 1 0 1 1 1 1 1 87 1.21128
0 1 0 1 1 1 1 0 1 0 88 0.898898
0 0 0 0 0 0 0 0 0 1 89 -1.29813
0 0 1 0 0 0 0 0 0 0 90 -1.90522
1 1 0 1 1 1 0 1 1 1 91 0.515845
0 0 0 0 0 0 1 0 0 0 92 -1.42557
1 0 1 1 1 1 1 1 1 1 93 1.48849
0 1 1 1 1 0 1 1 1 0 94 2.25392
0 0 1 1 1 1 1 1 1 1 95 1.27206
1 1 0 1 1 1 1 0 1 1 96 0.963099
1 0 1 1 1 1 1 1 1 1 97 0.836893
1 0 1 1 0 0 0 0 0 0 98 -0.896111
1 1 1 1 0 0 0 0 0 0 99 -0.0972727
0 0 1 1 0 0 1 0 1 1 100 -0.150772
1 0 1 0 1 0 0 0 0 1 101 -0.387485
1 0 1 0 1 0 1 0 0 1 102 0.0695354
1 0 1 0 0 1 1 1 1 1 103 0.736422
1 1 1 1 1 1 1 1 1 1 104 1.53454
1 0 1 1 1 0 0 0 1 0 105 0.474182
1 1 1 1 1 1 0 1 1 1 106 1.66638
1 1 1 1 1 1 1 1 1 1 107 0.579432
1 1 1 1 1 1 1 1 1 0 108 1.15372
1 0 0 1 0 0 1 0 0 0 109 -1.46863
1 1 1 1 1 1 1 0 1 0 110 0.939488
1 1 1 1 1 1 1 1 1 1 111 1.44591
0 1 0 1 1 1 1 1 0 1 112 0.860377
0 0 0 1 1 0 0 1 0 0 113 -0.785376
1 1 1 1 1 1 1 1 1 1 114 1.3932
1 1 1 1 1 1 1 1 0 1 115 2.12073
0 0 0 0 1 0 1 0 0 0 116 -1.15343
0 0 1 1 1 1 0 1 1 0 117 0.545602
0 0 1 1 0 1 0 0 0 0 118 -0.96101
0 1 0 0 1 0 0 0 1 0 119 -0.949753
0 1 1 1 0 0 0 1 0 0 120 0.0912933
0 0 1 0 1 1 0 1 0 1 121 -0.883826
1 1 0 1 1 1 1 1 1 1 122 2.12082
0 0 0 1 1 0 0 1 0 1 123 -0.401382
0 1 0 0 0 0 0 0 0 0 124 -1.10309
1 1 0 1 0 1 0 0 1 1 125 0.370723
0 1 1 1 1 1 1 0 1 1 126 1.21053
1 0 1 1 0 1 1 1 1 0 127 0.0319613
0 0 1 1 0 0 0 0 0 0 128 -0.0541218
1 1 1 1 0 1 1 1 0 1 129 0.644938
1 1 1 0 1 1 1 0 0 1 130 2.00563
1 1 1 1 1 1 1 1 0 1 131 2.14236
1 1 1 1 1 1 1 1 1 1 132 1.56044
1 0 1 1 0 1 0 1 0 1 133 0.855994
1 1 1 1 1 1 1 1 1 0 134 1.22138
1 1 0 1 0 0 0 1 0 1 135 -0.399298
0 1 1 1 1 1 1 1 1 1 136 1.84326
1 1 1 1 0 0 0 0 1 0 137 0.402411
1 0 0 0 1 1 1 0 0 1 138 0.288934
0 0 0 1 1 0 1 1 1 1 139 -0.19982
1 1 0 0 0 1 1 0 1 0 140 0.296814
0 0 1 1 0 1 0 0 0 0 141 -1.41204
1 0 1 1 0 0 0 1 1 0 142 0.501482
1 0 1 0 0 0 0 1 0 1 143 -0.867303
0 1 0 1 0 0 0 1 1 1 144 -0.611313
0 0 1 0 0 1 0 0 1 1 145 -0.766518
0 0 1 1 0 1 0 0 0 0 146 -0.709835
0 1 0 1 0 0 0 0 0 0 147 -0.909429
1 1 1 0 1 1 1 1 1 1 148 1.89822
1 0 1 1 0 0 1 1 1 1 149 0.176556
0 0 1 0 1 1 0 1 0 0 150 -1.60518
1 0 1 1 0 1 1 0 1 0 151 0.243883
1 1 1 1 0 1 1 1 1 1 152 0.898894
1 0 1 1 0 0 1 1 0 0 153 1.08704
1 1 1 0 0 0 0 0 1 0 154 0.153586
0 0 0 1 0 1 1 0 1 1 155 -0.246752
1 1 1 1 1 1 1 1 1 1 156 2.25828
0 0 0 1 0 0 0 0 0 0 157 -0.233162
1 1 0 1 0 1 1 1 0 1 158 -0.216432
0 1 1 0 0 0 1 0 1 0 159 -1.07488
0 1 1 0 0 1 0 0 0 1 160 -0.865157
1 1 1 1 1 1 1 1 1 1 161 2.05855
1 1 1 1 1 1 0 0 1 0 162 1.14406
1 0 1 1 1 1 1 1 1 1 163 0.93349
0 1 1 1 1 0 1 1 1 1 164 1.49866
0 1 1 0 0 1 0 1 1 0 165 0.0334797
0 1 1 1 1 1 1 0 0 1 166 1.0996
1 0 1 1 1 0 1 1 1 1 167 0.276484
1 1 1 1 1 1 1 1 1 1 168 1.88706
0 1 1 1 0 0 1 1 1 1 169 1.28843
0 1 1 1 1 1 0 0 1 0 170 -0.299607
0 0 0 0 0 1 1 0 1 1 171 -0.68815
1 1 0 1 1 1 1 1 1 0 172 1.50201
1 0 0 0 0 0 0 0 0 0 173 -1.26236
0 0 0 0 0 0 0 0 0 0 174 -1.5887
1 0 1 1 1 1 1 1 1 1 175 1.88174
0 0 1 1 0 1 0 0 0 0 176 -0.89888
1 1 1 1 0 0 0 0 1 0 177 -0.286351
1 1 1 0 1 1 1 1 1 1 178 1.07957
0 0 1 0 1 0 0 0 0 0 179 -0.257144
1 1 1 1 1 1 0 1 0 1 180 0.336621
1 0 1 1 1 1 1 0 1 1 181 0.771078
1 0 1 0 0 1 0 0 0 0 182 -0.895373
1 0 1 0 1 1 1 1 1 1 183 1.06144
1 1 1 0 1 0 1 1 1 1 184 0.925962
1 1 1 0 1 1 1 1 1 1 185 1.32736
0 0 1 0 0 1 0 0 1 1 186 -0.412662
0 1 0 0 0 1 0 1 0 1 187 -1.84289
1 0 1 1 0 0 1 0 1 1 188 -0.212325
0 1 1 1 1 0 0 0 1 0 189 -1.44919
0 1 0 1 0 0 1 0 0 0 190 -1.08594
0 1 1 0 0 0 0 1 1 0 191 -0.477936
1 1 1 1 0 1 1 0 0 0 192 -0.221486
1 1 1 1 1 1 1 0 1 1 193 1.51387
1 0 0 1 1 1 1 1 0 1 194 -0.918757
0 0 1 0 0 0 1 1 0 0 195 0.336601
0 0 1 1 1 0 1 1 0 1 196 0.0338275
1 0 1 0 1 1 1 1 0 0 197 -0.85771
0 1 1 1 1 1 1 1 1 1 198 1.50021
1 0 0 0 1 0 0 0 1 0 199 -0.170343
1 1 1 1 0 1 1 0 1 1 200 0.511659
1 1 0 0 1 1 1 1 1 1 201 0.591731
0 0 1 0 1 1 0 0 0 0 202 -0.781114
0 1 1 1 0 0 1 1 0 1 203 0.260153
0 0 1 0 0 0 1 0 1 1 204 -0.65999
1 1 1 1 1 1 1 1 1 1 205 1.28897
0 1 1 0 1 1 1 0 1 1 206 0.15678
0 0 1 1 0 0 1 0 1 0 207 -0.248107
0 0 1 1 0 0 1 0 0 0 208 -1.03874
1 1 1 1 1 0 0 1 0 0 209 -0.334623
0 0 1 1 0 0 0 0 1 1 210 -0.355367
1 1 0 1 0 1 1 0 1 1 211 -0.0909922
0 0 1 1 1 1 1 0 0 1 212 0.026951
1 1 1 1 1 1 1 1 1 1 213 1.99407
0 0 1 1 1 0 1 1 1 0 214 -0.388951
1 0 1 1 1 0 0 0 1 1 215 0.599633
1 0 0 0 1 0 0 0 0 0 216 -1.01129
1 1 1 0 1 0 1 0 1 1 217 0.655418
1 0 0 0 0 0 0 0 0 1 218 -0.0445102
0 0 1 1 0 1 0 0 0 1 219 -1.09562
0 0 1 0 1 0 1 0 0 1 220 -0.983286
0 0 1 0 0 1 1 0 0 0 221 -1.39239
1 1 1 1 1 1 1 1 1 1 222 1.99437
0 1 1 1 1 0 1 0 0 1 223 1.47393
0 1 1 0 0 0 1 0 0 0 224 0.0278043
0 0 0 1 1 1 1 0 1 1 225 -0.156462
1 1 1 1 1 1 1 1 1 1 226 0.7841
1 0 1 0 1 1 1 0 1 1 227 1.07753
0 1 1 1 0 0 1 0 1 1 228 0.542156
1 0 0 1 0 1 0 0 1 1 229 0.944318
0 0 0 1 0 0 1 0 0 0 230 0.0750255
0 0 1 0 1 1 1 0 1 1 231 0.391411
1 0 1 1 1 1 0 1 1 0 232 0.829247
1 1 1 1 0 0 1 0 1 1 233 0.335543
1 1 1 1 1 0 0 0 1 0 234 -0.45189
1 1 1 1 1 0 0 1 1 1 235 1.30869
1 0 1 1 1 1 1 0 1 1 236 1.6775
1 1 1 1 1 1 1 1 0 1 237 0.508617
1 0 1 1 1 1 1 1 1 0 238 1.05358
1 0 1 1 1 1 1 0 1 1 239 -0.264638
1 1 1 1 1 0 1 1 1 1 240 1.4118
1 0 0 1 1 1 1 0 1 1 241 0.410794
0 1 0 1 1 1 1 1 1 1 242 0.767139
0 1 0 1 0 0 0 0 1 0 243 0.28205
1 1 1 0 0 0 0 0 1 0 244 -0.460164
0 0 1 0 0 0 1 1 0 0 245 -0.959233
1 1 1 1 1 0 1 1 1 1 246 1.00949
1 1 0 1 1 0 1 1 0 1 247 1.05253
1 1 1 1 1 0 1 1 1 1 248 1.43535
0 1 0 1 0 0 0 0 0 0 249 -1.30977
1 1 1 1 1 0 1 1 0 1 250 0.462751
1 0 0 0 0 0 1 1 0 1 251 -0.308912
1 0 1 0 0 0 0 0 0 1 252 0.206458
0 1 0 1 0 0 1 0 0 0 253 -0.970055
0 0 1 1 1 1 0 0 1 1 254 0.00134767
0 1 0 1 0 1 1 0 1 0 255 -1.07971
0 1 0 1 1 0 1 0 0 0 256 -0.450718
0 1 1 1 1 1 0 1 1 1 257 0.531759
1 1 1 1 0 0 0 0 0 1 258 -0.690905
1 1 1 1 1 1 1 1 1 1 259 0.577752
1 1 1 0 1 0 0 0 1 0 260 -0.155573
0 0 1 1 0 1 0 0 0 1 261 0.865644
1 0 0 1 0 1 0 0 1 1 262 0.286931
1 1 1 1 1 1 1 1 1 1 263 2.63131
0 1 1 0 0 0 0 0 0 0 264 -1.7332
1 0 0 0 0 0 1 0 1 0 265 -0.429688
0 1 0 1 0 1 0 0 1 1 266 0.321011
0 0 1 1 1 1 1 1 1 1 267 0.720925
1 0 1 1 0 1 1 0 1 0 268 -0.0997364
0 1 0 0 0 1 1 1 0 0 269 0.0930028
1 1 1 0 1 1 1 0 1 1 270 0.892246
0 0 0 0 0 1 1 0 0 0 271 -1.30458
1 0 1 1 0 0 0 0 1 1 272 0.0926149
0 1 0 0 0 0 0 0 1 1 273 -1.68227
0 0 1 0 0 1 1 0 0 0 274 0.0327878
0 1 0 1 0 1 1 1 0 0 275 0.487846
1 0 1 0 0 0 0 0 0 0 276 -2.50334
1 1 1 1 1 1 1 1 1 1 277 2.32365
1 1 1 1 1 1 1 1 1 1 278 2.41165
1 0 1 1 0 0 0 0 1 0 279 -0.35416
1 0 1 1 0 1 0 0 1 1 280 0.570685
1 1 1 0 0 1 1 1 1 1 281 1.2594
1 0 1 1 0 0 0 0 1 1 282 0.358877
1 0 1 1 0 0 0 0 1 0 283 -0.332717
1 1 1 1 1 0 0 1 1 1 284 0.216418
1 0 1 1 0 1 1 0 1 1 285 0.888668
1 0 1 1 1 1 1 1 1 1 286 0.998062
1 1 1 1 0 0 1 0 1 1 287 -0.419564
0 1 1 1 0 1 0 1 1 1 288 0.580189
1 1 0 0 0 1 0 1 1 0 289 -0.631839
1 0 1 1 1 1 1 0 1 0 290 0.569947
1 0 1 1 0 1 1 1 1 1 291 1.24815
0 0 1 1 0 0 0 1 0 0 292 -0.365891
0 0 1 1 0 1 0 0 0 0 293 0.0165725
1 0 1 0 1 1 1 1 1 1 294 0.321602
0 1 1 1 0 0 0 1 0 1 295 0.365049
1 0 1 0 0 0 1 0 0 0 296 -0.496777
0 1 0 1 0 0 0 1 1 0 297 -0.186141
1 0 1 1 0 1 0 0 0 0 298 -0.441065
1 1 1 1 1 1 1 1 1 1 299 1.51283
0 0 1 0 0 1 0 0 1 0 300 0.0901677
1 1 1 1 1 0 0 0 1 1 301 -0.354373
1 1 0 1 1 0 0 0 1 0 302 -0.201845
1 1 1 0 0 0 1 0 1 1 303 -0.484099
0 1 1 1 0 1 1 0 0 0 304 0.209797
1 0 1 0 0 1 1 1 1 1 305 0.907145
1 0 0 1 1 0 0 0 1 0 306 -0.266988
0 0 1 0 1 1 0 1 0 1 307 0.353201
1 1 1 1 1 1 0 1 1 1 308 1.90876
0 1 1 1 0 0 0 0 1 1 309 0.00472983
0 1 0 1 1 1 1 1 1 1 310 1.14203
0 0 1 1 1 1 1 0 1 1 311 0.792796
1 1 1 1 1 1 0 1 1 1 312 0.925315
1 1 0 1 1 1 1 0 1 1 313 -0.0537131
1 0 1 0 1 0 0 0 0 0 314 -1.23771
0 0 1 1 0 1 1 0 1 0 315 -0.276826
0 1 1 1 0 0 0 1 0 0 316 0.103043
1 0 0 0 0 0 0 0 1 0 317 -0.916692
1 1 1 0 1 1 1 0 0 0 318 -0.724799
0 1 1 1 1 1 1 1 1 0 319 1.57629
1 0 1 1 0 1 1 0 0 0 320 -0.237795
0 1 1 1 1 1 1 0 1 1 321 0.810749
0 1 1 1 0 0 0 1 1 1 322 0.639053
1 0 1 0 0 0 0 0 0 0 323 -0.695016
0 1 1 1 1 0 0 0 1 1 324 -0.148716
1 1 1 0 1 1 1 0 1 1 325 0.839208
1 1 0 1 1 1 0 1 0 0 326 0.384681
1 0 0 1 0 0 0 1 0 0 327 -1.67503
0 0 1 1 0 0 0 0 0 0 328 -0.706132
1 1 1 1 1 1 1 1 0 1 329 2.176
1 1 1 0 0 0 1 0 0 1 330 0.214492
0 0 0 0 0 0 1 1 0 1 331 -1.30437
0 0 0 1 1 1 1 1 0 1 332 0.89611
1 0 0 0 0 1 0 0 1 0 333 0.17082
1 0 1 1 1 1 1 1 1 1 334 1.72492
0 1 1 1 0 0 0 1 1 1 335 -0.60191
0 0 1 1 1 1 0 0 0 1 336 0.106383
0 0 0 0 0 0 0 0 0 1 337 -1.88857
1 0 1 1 0 1 1 1 1 1 338 0.839581
1 0 1 0 0 0 0 1 0 0 339 -2.40132
1 1 1 1 1 0 1 1 1 0 340 1.19767
0 0 0 0 0 0 0 0 0 1 341 -2.63327
1 0 1 1 0 0 0 0 0 0 342 0.258868
1 1 1 0 1 1 1 1 1 1 343 1.06571
0 1 1 0 0 0 0 1 0 0 344 -0.496035
1 1 1 1 0 0 0 0 1 0 345 -0.729152
1 0 0 0 0 0 0 0 1 0 346 -0.9715
0 0 1 1 1 1 1 0 0 1 347 1.24553
0 1 0 0 0 0 0 0 1 0 348 -0.46495
0 0 1 0 0 0 0 0 0 0 349 -0.213056
0 0 1 0 0 1 0 1 1 0 350 -0.821634
1 1 1 1 0 1 0 1 0 1 351 -0.303574
0 0 1 1 1 1 1 0 1 1 352 0.448041
1 1 1 1 1 1 1 1 1 1 353 1.95636
1 1 1 1 1 1 1 1 1 1 354 2.29969
1 1 1 1 0 0 0 0 0 1 355 -0.723051
1 0 0 1 1 1 0 1 1 1 356 0.213348
1 0 1 0 0 0 0 0 0 1 357 -0.407839
1 0 1 0 1 1 0 0 0 0 358 -0.813671
0 0 0 1 1 1 0 1 1 1 359 0.692089
0 0 1 1 0 1 0 0 0 1 360 -0.11277
1 1 1 1 1 1 1 1 1 1 361 1.45826
0 1 1 0 1 0 0 0 1 0 362 0.172164
0 1 1 1 1 0 1 0 0 1 363 0.489042
0 1 1 1 1 1 1 1 1 1 364 1.24915
1 0 1 1 1 1 1 1 1 0 365 1.41741
0 0 0 1 1 1 0 0 1 1 366 1.03147
0 1 0 0 0 0 1 0 0 0 367 -0.937621
0 0 0 1 0 1 1 0 0 1 368 -0.598521
0 1 0 1 1 1 0 1 1 0 369 0.262824
0 1 1 1 0 0 0 1 0 0 370 0.229495
0 0 1 1 1 1 1 1 1 1 371 1.52402
1 1 1 1 1 1 1 1 1 1 372 1.60143
1 1 1 0 1 0 1 1 1 0 373 1.01332
1 1 1 1 1 1 1 1 1 1 374 0.761984
0 0 1 1 1 1 0 0 1 1 375 0.0108203
1 1 1 1 1 1 1 1 1 1 376 2.83606
0 0 1 1 1 1 0 0 0 1 377 -0.826051
1 0 0 1 0 1 0 1 1 1 378 0.92778
1 1 1 0 1 0 0 0 1 0 379 -0.325023
1 0 1 1 0 0 1 1 0 0 380 -0.969109
1 0 0 1 0 0 1 1 1 1 381 0.937314
1 1 1 1 0 1 1 0 0 0 382 0.846234
1 0 0 1 0 0 0 0 0 0 383 -0.599589
1 1 0 1 1 1 1 1 1 1 384 1.6925
1 1 0 1 0 0 1 0 1 1 385 0.0821418
1 0 1 1 1 1 0 1 1 1 386 0.983673
1 0 0 0 0 1 0 1 0 0 387 -0.865397
0 1 1 1 1 1 0 0 1 1 388 0.259905
1 0 1 1 1 1 1 1 1 0 389 1.05318
0 1 1 1 0 0 0 0 1 0 390 0.191773
1 1 0 0 0 1 1 0 1 1 391 -0.714486
1 0 1 1 1 1 1 1 1 0 392 0.80439
0 1 1 0 1 1 0 1 1 1 393 0.241319
0 0 0 0 0 0 0 0 0 0 394 -0.830823
1 0 1 1 0 0 0 0 1 1 395 0.283117
0 0 1 0 0 1 0 0 0 0 396 -0.341773
0 1 1 1 1 1 0 1 1 0 397 1.11374
1 0 1 1 1 1 0 0 1 1 398 0.825311
0 0 0 1 1 1 1 1 0 0 399 1.3415
0 1 1 0 1 1 1 0 0 0 400 -0.198255
0 1 1 1 1 0 1 1 1 1 401 0.896871
1 0 1 0 0 0 0 0 0 0 402 -0.662944
1 0 1 1 1 1 1 1 0 1 403 0.933498
1 0 1 0 1 0 1 0 0 0 404 -1.95358
1 0 1 1 1 1 1 1 1 1 405 0.983265
0 1 1 1 0 1 1 1 1 1 406 1.18439
1 1 0 1 1 1 1 0 1 0 407 1.28116
1 1 1 1 1 0 1 1 0 1 408 1.06773
0 0 0 1 0 1 0 0 0 0 409 -0.461397
1 0 1 0 1 1 0 0 0 0 410 -0.468675
0 1 1 1 0 0 1 0 1 1 411 -0.204208
1 0 1 0 1 0 0 0 0 1 412 0.0435583
1 1 1 1 1 0 1 0 1 1 413 0.22753
0 0 1 1 0 1 0 0 0 1 414 0.0725443
1 1 1 1 0 0 0 1 0 0 415 -1.14305
0 1 1 1 1 1 1 0 1 1 416 1.2266
0 0 1 1 0 0 0 0 1 0 417 -0.177019
1 1 0 1 0 1 1 1 1 1 418 0.755685
0 1 1 0 1 1 0 1 1 1 419 -0.0783753
0 1 0 1 1 0 0 0 1 1 420 -0.475578
0 0 1 0 1 0 0 0 0 1 421 -1.02881
1 1 1 1 0 1 1 1 1 1 422 0.606774
1 0 1 1 1 1 1 1 1 0 423 1.11381
0 1 1 1 1 1 0 1 0 0 424 -0.201178
0 0 0 0 0 0 0 0 0 1 425 -0.62968
1 0 1 0 0 0 0 1 0 0 426 -0.136205
0 0 0 1 0 0 1 1 1 0 427 0.397478
0 1 0 1 1 1 1 1 1 1 428 0.859851
1 1 1 1 1 1 0 1 1 1 429 0.0685177
0 0 1 0 1 0 1 0 0 1 430 0.010843
1 1 1 0 0 0 1 0 0 0 431 -0.427951
1 1 1 1 1 1 1 1 1 1 432 1.90662
1 0 1 1 1 1 0 1 1 1 433 0.6531
0 0 1 1 1 1 1 0 1 1 434 0.956896
0 1 0 0 0 0 0 0 0 0 435 -2.48543
1 1 1 1 1 1 1 0 1 1 436 0.852952
1 1 1 1 1 1 1 1 1 1 437 2.25632
1 1 1 1 0 1 1 0 1 1 438 -0.480047
1 1 1 1 1 1 1 1 1 1 439 0.655479
1 0 1 0 0 0 0 0 0 1 440 -0.860495
0 1 1 0 0 0 0 0 1 0 441 -1.24786
1 0 1 1 1 1 1 1 0 1 442 0.317982
1 0 0 0 0 1 0 0 0 1 443 -0.661662
0 1 0 1 0 1 0 0 1 1 444 -0.183892
1 1 0 1 1 1 1 1 1 1 445 1.5957
0 0 1 1 0 0 0 0 0 1 446 0.396314
0 0 1 0 0 0 1 1 1 1 447 -0.237454
1 0 1 1 1 1 1 1 1 1 448 1.80137
0 0 1 1 1 1 1 0 1 1 449 0.908003
1 1 1 1 1 1 1 1 1 1 450 1.85708
1 1 1 1 1 1 1 1 1 1 451 2.05836
1 0 0 1 0 0 1 0 1 1 452 0.373012
1 1 1 1 1 1 1 1 1 1 453 1.73016
1 1 1 1 0 0 0 0 1 1 454 0.399566
1 1 1 1 1 1 1 1 1 1 455 1.10656
0 1 1 1 1 1 0 0 1 0 456 1.01018
0 1 1 0 0 0 1 0 0 0 457 -3.02355
1 1 1 1 1 1 1 1 1 1 458 1.77616
0 1 1 1 0 0 0 0 0 1 459 0.0138259
1 0 1 1 1 1 1 0 1 1 460 0.382479
1 0 0 0 0 0 0 0 0 0 461 -1.297
0 1 1 1 0 1 1 1 1 0 462 0.332777
1 1 0 0 0 0 1 0 0 1 463 0.0730332
1 1 1 0 0 1 1 1 1 1 464 0.701427
1 1 1 1 1 1 1 1 1 0 465 1.09436
0 0 1 0 0 0 0 1 0 1 466 -1.00782
0 0 0 1 1 0 1 0 1 1 467 0.585066
0 0 0 0 0 0 0 0 1 1 468 -1.02759
0 0 0 1 0 1 0 0 1 0 469 -0.41943
0 0 0 0 0 0 0 1 1 0 470 -0.732779
1 1 1 1 1 1 1 0 1 0 471 1.17685
0 1 1 1 1 1 1 1 0 1 472 0.0899079
0 0 0 1 0 1 1 0 1 1 473 -0.43616
1 1 1 1 1 1 1 1 0 1 474 1.29834
1 1 1 1 0 1 1 1 0 0 475 0.891489
1 1 1 1 1 1 1 1 1 1 476 3.54203
1 1 1 0 1 1 1 1 1 1 477 1.41465
0 0 0 0 1 0 1 0 1 0 478 -0.461831
0 1 0 1 1 0 0 0 0 0 479 -1.23235
1 1 1 1 1 0 0 0 0 1 480 1.10731
1 1 0 1 0 0 0 0 0 1 481 -1.68536
1 1 1 1 1 1 1 1 1 1 482 1.44288
1 0 1 0 1 0 0 0 1 1 483 -0.283147
0 0 0 0 0 0 0 0 0 0 484 0.593228
1 1 1 1 0 0 0 0 0 1 485 0.465325
1 0 1 1 0 1 1 0 1 1 486 0.766918
1 0 1 1 1 1 1 1 1 1 487 1.86655
0 1 1 1 1 1 1 1 1 1 488 1.03316
1 0 1 1 1 1 1 1 1 0 489 0.0614171
1 1 1 1 1 0 0 0 1 0 490 0.168036
0 0 1 1 1 0 1 0 1 0 491 0.266165
0 0 0 0 0 0 1 0 0 0 492 -1.10579
1 1 1 0 0 1 0 1 1 1 493 0.479201
0 0 0 1 1 1 0 0 1 1 494 0.140097
0 1 1 0 0 1 1 0 1 1 495 0.744575
1 0 1 1 1 0 1 1 0 0 496 1.3189
0 0 1 0 0 0 0 0 0 0 497 -1.10033
0 1 0 1 1 0 0 1 1 1 498 1.51682
0 0 1 1 0 1 0 0 1 0 499 -0.235631
0 0 0 1 0 0 1 0 0 0 500 0.158845
1 1 1 1 1 1 1 1 1 1 501 1.78338
1 0 1 1 1 1 0 1 0 0 502 0.679456
1 0 1 1 1 0 0 0 1 1 503 -0.0630334
1 1 1 0 1 1 1 1 1 1 504 1.40236
0 1 1 0 0 1 0 1 0 0 505 -0.534959
0 1 0 0 0 0 0 0 1 0 506 -0.415725
1 1 1 1 1 1 1 1 0 0 507 0.910661
1 1 1 0 0 0 0 1 1 1 508 0.344774
1 1 1 1 1 1 1 1 1 1 509 2.2899
1 0 1 1 1 0 1 0 0 1 510 0.317923
1 0 1 1 1 1 0 0 1 1 511 0.75443
1 0 1 1 1 1 1 1 1 1 512 0.864106
1 0 0 1 0 1 0 1 1 0 513 -0.044894
0 0 1 0 0 0 1 0 0 1 514 -0.877402
1 1 1 0 1 0 0 1 1 0 515 -0.053522
0 1 0 1 1 1 1 0 1 0 516 -1.11863
0 1 1 1 0 0 1 1 1 0 517 0.294916
0 0 1 1 1 1 1 1 0 1 518 1.50026
0 1 1 1 1 1 1 1 1 1 519 0.819486
1 1 1 1 1 1 1 1 1 1 520 2.80217
1 1 1 1 1 1 1 1 1 1 521 1.13785
1 1 1 1 1 1 1 1 1 1 522 1.26154
1 1 1 0 0 1 1 1 1 1 523 0.422352
0 0 0 0 0 1 1 0 0 0 524 -0.324476
0 1 0 0 0 0 0 0 1 0 525 -0.720585
0 1 0 0 0 0 0 0 0 1 526 -0.523697
1 1 1 1 1 1 1 1 1 1 527 1.43389
0 0 0 0 0 1 0 1 1 1 528 -0.212572
0 0 0 0 0 0 0 0 0 0 529 -1.09115
1 0 0 0 0 0 0 0 0 1 530 -0.606337
1 1 1 1 1 1 1 1 1 1 531 1.81752
0 0 0 0 0 0 0 0 0 1 532 -1.0973
0 1 1 1 0 1 1 1 0 1 533 0.974923
1 1 1 0 1 0 0 0 0 1 534 -0.786575
0 0 1 0 1 0 0 0 1 0 535 -0.161553
1 1 1 1 1 0 1 0 1 0 536 0.92195
0 0 1 0 1 0 1 0 1 1 537 -1.38848
0 1 0 0 1 0 1 0 0 1 538 -1.6121
1 1 1 1 0 0 0 0 0 0 539 -0.259352
1 0 1 1 1 0 1 0 0 1 540 -0.353675
1 1 0 1 1 1 1 1 1 0 541 0.517321
0 0 1 1 1 1 0 1 1 0 542 0.845093
1 0 1 1 0 1 1 1 1 1 543 0.853185
1 1 1 0 0 0 1 0 1 1 544 0.4514
0 0 1 1 1 1 0 1 1 0 545 0.753245
0 0 1 1 1 0 0 1 1 1 546 0.366479
1 1 1 1 0 1 1 1 1 1 547 1.07815
0 1 1 0 0 0 1 1 0 0 548 -0.402627
1 0 1 1 1 1 1 1 1 1 549 0.751992
1 1 1 1 1 1 1 1 1 1 550 2.50727
0 1 1 1 1 1 0 1 1 0 551 -0.385245
1 0 1 0 0 0 0 0 0 0 552 -0.802177
0 1 0 0 0 0 0 0 0 0 553 -1.79469
1 0 0 1 1 1 0 0 1 1 554 0.125126
1 0 0 0 0 0 1 0 1 0 555 -1.28693
0 0 0 0 0 0 0 0 1 0 556 -1.8986
1 0 1 1 0 1 1 0 0 1 557 0.54979
1 0 0 0 0 1 1 1 1 1 558 -0.083697
0 1 1 0 0 1 0 1 0 1 559 0.299832
1 1 1 1 1 1 1 1 1 0 560 1.62763
0 0 0 1 0 0 0 1 0 1 561 -0.328738
1 0 0 1 1 1 0 0 1 1 562 0.514906
1 1 1 1 1 1 0 1 0 0 563 0.422716
1 1 1 1 1 0 1 1 0 0 564 0.753344
0 0 0 1 0 0 1 0 0 1 565 -0.105301
0 0 0 0 0 0 1 1 0 1 566 -0.246266
0 0 1 1 1 1 0 0 0 1 567 0.035541
1 1 1 1 0 0 0 0 0 0 568 -0.0787216
1 1 1 1 1 1 0 0 1 0 569 -0.246684
0 1 0 1 0 0 0 0 1 0 570 -1.42183
1 1 0 1 1 1 0 1 1 1 571 0.633746
1 0 0 0 0 0 0 1 1 0 572 -0.244416
0 0 1 0 1 1 0 0 0 1 573 -0.557674
0 0 1 0 1 0 0 0 0 0 574 -0.524857
0 0 1 1 0 1 1 1 0 1 575 0.205189
0 1 1 1 0 1 1 0 1 1 576 0.534819
0 0 1 0 0 1 1 0 0 1 577 -0.185341
1 1 1 1 1 0 1 1 1 0 578 0.964422
0 1 1 0 1 0 1 1 1 1 579 0.279276
1 0 1 1 0 1 0 0 0 1 580 0.378206
1 1 0 1 0 1 1 0 0 1 581 0.011714
1 0 0 1 1 0 0 1 1 1 582 0.544573
1 0 0 1 0 0 0 0 1 0 583 -0.880431
1 0 1 0 1 1 0 0 0 0 584 -0.712168
0 1 1 1 0 0 0 0 0 1 585 -0.179348
0 1 0 1 1 1 1 1 0 0 586 0.672149
0 0 0 1 0 0 0 1 0 0 587 -0.283015
1 1 1 1 1 0 1 1 1 1 588 2.47646
1 1 1 1 1 1 1 1 1 1 589 1.02461
0 0 0 0 0 0 0 0 0 1 590 -0.889614
0 0 0 1 0 0 0 0 0 0 591 -0.22181
1 1 0 1 1 1 1 1 1 1 592 1.31448
1 1 1 1 0 1 1 0 1 0 593 0.758282
0 1 0 1 0 0 1 1 0 1 594 0.146473
0 0 0 0 1 1 0 1 1 1 595 -0.422999
1 1 1 0 0 1 1 0 1 0 596 0.484696
1 0 1 1 1 0 0 1 0 0 597 0.835886
1 1 1 1 1 1 1 1 1 1 598 1.67754
1 0 1 1 1 0 0 0 1 1 599 -0.39203
1 0 1 0 1 0 0 0 0 0 600 -0.777035
1 0 1 0 0 1 1 1 0 1 601 0.380121
1 0 1 0 0 1 0 0 1 1 602 -0.366947
0 0 1 0 0 0 0 0 1 0 603 -0.882046
1 1 1 1 1 1 0 1 1 1 604 1.33111
0 0 1 1 1 1 1 0 1 1 605 1.54667
0 1 0 1 0 1 0 1 0 0 606 -1.13689
0 0 1 1 1 1 0 0 1 0 607 -0.168534
0 1 1 0 0 1 1 1 1 0 608 0.0269786
0 1 1 0 0 1 0 0 1 1 609 -0.554948
0 0 1 0 1 1 0 1 1 1 610 0.833
1 0 1 1 0 0 1 0 1 0 611 -0.251806
1 1 1 1 1 1 1 1 1 1 612 1.28554
1 1 1 0 1 1 1 0 1 1 613 0.932182
0 1 0 0 1 0 1 0 0 1 614 -0.40146
1 1 0 1 0 0 1 0 0 1 615 0.48176
1 1 1 1 1 1 1 1 1 1 616 2.31679
0 1 0 0 0 0 1 1 0 0 617 -0.984134
0 0 1 1 0 1 1 0 1 0 618 0.864273
1 1 1 1 1 1 1 1 1 1 619 1.84998
1 1 1 0 1 1 1 0 0 0 620 0.35637
1 0 0 1 0 1 1 0 1 1 621 0.770835
0 1 0 0 0 0 0 0 1 0 622 -2.81011
0 0 0 1 1 1 0 0 0 0 623 0.376577
1 0 1 0 1 1 0 1 1 1 624 0.865196
1 1 1 1 1 1 1 1 1 0 625 1.30833
1 1 1 1 1 1 1 1 1 1 626 2.05615
0 0 0 1 0 0 0 0 1 0 627 -1.3533
1 0 0 0 0 0 0 0 1 1 628 -0.618242
0 1 1 1 1 1 1 1 1 1 629 2.28184
0 0 0 0 1 1 1 0 0 0 630 -0.249246
0 0 0 1 0 1 0 0 1 1 631 -0.232097
1 1 0 1 0 1 1 0 0 0 632 0.879757
0 0 1 0 0 0 1 1 1 0 633 0.00993202
1 1 1 1 1 1 1 1 0 0 634 -0.358924
1 0 0 0 1 0 0 0 0 0 635 -1.47848
1 1 0 1 0 0 1 1 0 1 636 -0.12888
1 1 1 1 1 1 1 1 0 1 637 1.36947
1 1 1 1 0 1 1 1 1 1 638 1.22209
0 0 1 1 1 0 1 0 1 1 639 0.242258
0 1 1 1 0 1 0 1 1 1 640 0.838922
0 0 0 1 0 1 0 1 0 1 641 -0.403042
0 0 1 1 0 1 0 0 1 1 642 -0.670708
0 0 0 1 1 1 0 1 1 1 643 0.216726
0 0 1 0 0 0 1 0 1 0 644 -1.01735
1 1 0 1 1 1 1 0 1 1 645 0.87118
1 1 1 0 1 1 0 1 1 1 646 0.809719
1 1 1 1 1 1 1 0 1 1 647 1.87145
0 1 1 0 0 0 0 0 0 1 648 -1.18132
0 0 1 1 0 0 0 0 0 0 649 -0.621047
1 1 1 1 1 1 1 0 1 1 650 1.34682
1 1 1 1 1 1 1 1 1 1 651 1.48601
1 1 1 1 1 1 1 1 1 1 652 1.91159
0 1 1 1 1 0 0 0 1 1 653 -0.274555
0 1 1 0 0 1 1 1 0 0 654 0.95295
0 0 1 1 1 1 0 0 1 0 655 -0.218381
0 0 1 1 0 0 1 0 1 1 656 -0.136987
0 1 1 1 1 0 1 0 0 0 657 -0.888865
1 1 1 1 1 1 1 1 1 1 658 1.97888
0 1 1 1 1 1 0 1 1 1 659 0.903291
0 0 0 1 0 1 0 0 1 0 660 -0.694998
1 1 1 1 0 1 0 1 1 1 661 0.381744
0 0 1 0 0 0 0 0 0 1 662 -1.09043
0 0 1 1 0 0 1 0 0 0 663 -0.691241
0 1 0 0 1 0 1 0 0 0 664 -0.770245
0 1 1 1 1 1 1 1 1 1 665 1.28927
1 0 0 0 0 1 0 0 0 0 666 -1.30294
1 0 1 1 1 1 1 1 1 1 667 0.290413
1 1 1 0 0 0 1 1 1 1 668 0.217962
1 1 1 0 1 1 1 1 0 1 669 2.13532
1 0 0 1 1 1 1 0 1 1 670 0.514874
0 0 0 0 0 0 0 0 0 0 671 -1.04466
0 1 1 0 0 1 0 0 1 1 672 -0.272711
1 0 0 1 0 0 0 0 0 0 673 -0.668183
1 0 1 1 1 1 0 1 0 1 674 0.27071
0 0 0 1 0 0 0 0 1 0 675 -0.871333
1 0 0 1 0 0 0 1 1 1 676 0.349077
1 1 1 1 0 0 0 0 1 0 677 0.164735
0 0 0 0 0 1 0 0 1 1 678 -0.531171
0 1 0 1 1 1 1 1 1 1 679 1.02045
0 0 1 1 0 0 0 1 0 1 680 0.394635
0 1 0 1 1 1 1 1 1 1 681 1.29515
0 0 1 1 0 1 1 1 1 1 682 0.669503
0 0 0 1 0 0 0 1 0 1 683 -1.68977
0 1 1 0 0 0 0 0 1 1 684 -1.79778
0 0 0 1 0 1 0 0 0 1 685 -1.44057
0 1 0 1 1 0 0 1 0 0 686 -0.598845
0 0 1 1 0 0 0 1 0 0 687 -0.315063
1 1 1 1 1 1 1 1 1 1 688 1.5629
0 0 1 1 0 0 0 1 0 0 689 -0.187429
0 0 1 0 0 0 0 0 0 1 690 -1.06274
1 0 0 1 1 0 0 1 0 1 691 -1.62344
1 1 0 0 0 0 0 1 0 0 692 0.556121
0 0 0 0 1 0 0 0 0 1 693 -1.37196
1 0 0 0 0 1 0 1 1 1 694 1.03228
0 0 0 0 0 0 0 0 0 1 695 -0.734812
1 1 1 1 1 1 1 0 1 1 696 1.42057
1 0 1 1 1 1 1 1 1 1 697 0.958107
1 0 1 1 1 1 1 1 1 0 698 0.766022
0 0 0 0 0 0 0 0 0 1 699 -1.06153
0 1 1 1 0 0 1 1 0 1 700 -0.0650878
1 0 0 1 0 1 0 0 0 1 701 0.432317
1 0 1 1 1 1 1 1 1 1 702 0.425374
1 1 0 0 0 0 1 0 0 0 703 -1.28317
1 1 1 1 1 0 0 1 1 0 704 0.0680621
0 0 0 0 0 0 1 1 0 1 705 -1.23653
1 0 0 1 1 0 0 1 0 1 706 -0.102661
1 1 1 1 1 1 1 1 1 1 707 1.31734
1 0 1 1 1 1 1 1 0 1 708 2.1051
0 1 1 1 0 0 1 1 1 0 709 0.274964
1 1 1 1 1 1 1 1 1 1 710 1.33101
1 1 1 0 0 1 0 1 1 1 711 0.310614
0 0 1 1 1 1 1 1 1 1 712 1.08232
0 0 1 1 0 0 1 1 0 1 713 -0.401334
1 1 1 1 1 1 1 1 1 1 714 2.66204
0 0 0 0 0 0 1 0 0 0 715 -1.5018
1 1 1 1 1 1 1 1 1 1 716 1.07403
0 0 0 1 1 1 0 0 1 1 717 0.363194
1 0 0 1 0 1 1 0 1 0 718 0.784316
1 1 1 1 1 1 1 1 1 1 719 0.979505
1 1 1 1 1 1 1 1 1 1 720 1.5014
0 0 1 0 0 1 1 0 0 1 721 0.640999
1 1 1 0 0 1 0 1 1 1 722 0.805009
1 1 1 1 0 1 1 0 1 1 723 0.554696
0 1 1 0 1 0 1 1 0 1 724 0.484828
1 1 1 1 1 1 1 1 1 1 725 2.49043
0 0 0 0 0 1 0 1 0 1 726 -0.833654
1 1 1 1 1 1 1 1 1 1 727 2.14682
1 0 0 1 1 1 1 1 1 0 728 1.59197
1 1 1 1 1 1 0 1 1 1 729 1.21443
0 0 0 1 0 0 1 0 0 0 730 -1.1997
1 0 1 1 1 1 1 1 1 1 731 1.10793
1 1 1 1 1 1 1 1 1 1 732 2.4621
0 0 0 1 1 1 1 0 1 1 733 0.312933
0 0 0 0 0 0 0 0 1 0 734 -1.35119
0 0 1 0 1 0 0 0 1 0 735 -1.36412
1 1 1 1 1 1 1 0 0 1 736 0.806161
0 0 0 1 0 1 0 1 0 0 737 0.327603
1 1 1 1 1 1 0 1 1 1 738 1.09314
0 0 0 1 0 0 0 1 1 1 739 0.407031
1 1 1 1 1 1 1 1 1 1 740 1.02776
1 1 1 1 1 1 1 1 1 1 741 1.98203
1 0 1 0 1 1 1 1 1 1 742 1.57748
1 0 0 0 0 0 0 0 0 0 743 -0.436909
0 0 1 1 0 1 1 0 1 1 744 0.15709
1 0 1 1 0 1 1 0 1 1 745 0.172227
1 1 1 1 1 1 1 1 1 1 746 1.19348
1 1 1 1 1 1 1 1 1 1 747 2.07191
1 0 1 1 1 0 0 0 1 1 748 0.0504285
1 0 0 0 0 1 0 0 0 0 749 -0.692159
0 0 0 0 0 0 0 0 1 0 750 -1.00213
0 1 0 0 0 0 0 0 1 0 751 -0.629241
1 0 1 1 1 1 0 1 1 1 752 0.575862
0 1 0 0 0 1 0 0 0 0 753 -0.348166
1 0 0 0 0 1 1 1 1 1 754 0.436091
0 0 0 1 1 0 1 0 0 0 755 -0.793689
0 1 1 0 0 1 1 0 0 0 756 0.360315
1 1 0 1 0 1 0 0 1 0 757 0.402964
0 0 1 1 0 0 0 0 1 0 758 -0.968247
1 0 0 0 0 0 0 0 1 0 759 -0.0457948
1 0 1 1 0 0 0 0 1 1 760 -0.280626
0 0 0 1 0 0 0 1 0 0 761 -1.29645
0 1 0 0 0 0 0 0 1 0 762 -1.20452
0 0 0 1 0 0 0 0 1 0 763 -0.908774
0 1 1 1 1 0 1 1 1 0 764 0.269457
0 1 1 1 0 0 0 0 0 0 765 -0.819379
1 1 1 1 1 1 0 1 1 1 766 1.49381
0 1 1 1 0 0 0 0 0 1 767 -0.319996
1 0 1 1 1 1 1 1 1 0 768 1.62415
0 1 1 1 1 0 1 1 1 0 769 0.40738
0 1 0 1 0 1 0 0 1 0 770 -0.145518
1 0 1 1 0 1 1 0 0 1 771 -0.128131
0 1 1 1 1 1 0 0 1 1 772 0.985383
0 0 1 0 1 0 0 0 0 0 773 -1.32889
1 0 1 1 0 1 0 0 1 1 774 0.147298
1 1 1 1 1 1 1 1 1 1 775 1.79934
1 0 0 1 0 1 0 0 1 0 776 -0.446661
0 0 0 1 0 1 0 0 1 0 777 0.366283
1 1 1 1 1 1 1 1 1 1 778 1.63846
1 1 1 1 1 1 1 1 1 1 779 1.1803
0 0 1 0 1 0 0 0 0 0 780 -1.0533
0 1 1 1 1 1 1 1 1 1 781 1.32913
0 1 1 1 0 0 1 0 1 1 782 0.291214
1 0 1 1 0 1 1 1 1 1 783 0.782314
0 0 1 0 0 0 0 0 0 0 784 -0.983409
0 0 1 1 0 0 0 0 1 0 785 -0.065235
0 0 1 0 1 0 0 1 1 0 786 -0.721309
1 1 1 0 0 1 1 0 1 1 787 0.535991
1 0 1 1 0 0 0 0 0 1 788 -1.48094
1 0 0 0 1 0 0 0 0 0 789 -0.838469
0 0 1 1 0 0 1 1 1 1 790 0.0496586
0 1 0 1 1 1 1 1 1 0 791 0.266465
1 0 1 1 1 0 1 0 0 1 792 -0.560425
1 1 1 0 1 1 0 0 0 1 793 0.345394
1 1 1 1 0 0 0 1 1 1 794 -0.116578
0 0 0 0 0 0 0 1 0 0 795 -0.845278
1 1 1 0 1 1 0 1 1 1 796 0.982624
0 1 1 1 1 0 0 0 1 0 797 0.546467
0 1 1 1 0 1 1 0 1 1 798 0.531923
1 1 0 1 1 1 0 0 0 1 799 0.654238
1 0 0 1 0 0 0 1 0 1 800 -1.15694
0 0 0 1 0 0 1 0 0 0 801 -1.49432
0 1 1 1 1 0 1 1 1 1 802 0.332114
1 0 0 0 0 1 1 0 1 0 803 -0.27433
1 1 1 1 1 1 1 0 1 0 804 0.838984
1 1 1 1 1 1 1 1 1 1 805 1.65792
1 0 0 1 0 0 0 0 0 0 806 -0.233198
1 0 1 1 0 0 0 1 1 1 807 -0.414961
0 1 1 0 0 0 0 0 0 0 808 -1.25602
1 1 0 1 0 0 0 0 0 1 809 0.625267
1 1 1 1 0 1 1 1 1 1 810 1.49149
0 0 0 1 0 1 0 0 0 1 811 -0.292478
0 0 0 1 1 1 1 0 0 1 812 -0.600796
0 0 1 1 0 1 0 1 0 1 813 -0.990548
0 0 1 0 1 0 0 0 0 0 814 -0.916891
0 1 1 1 0 0 1 0 0 1 815 -0.412153
0 1 0 1 1 1 1 1 0 0 816 0.89932
1 1 1 1 0 1 1 1 0 1 817 0.277068
0 0 0 0 1 0 0 0 0 0 818 -1.45335
1 1 0 1 1 1 1 1 1 1 819 1.31841
1 0 0 1 0 1 0 0 0 0 820 -1.55316
0 0 1 0 0 0 0 0 0 1 821 -0.665861
1 1 1 1 0 1 1 1 1 1 822 0.628034
1 1 1 1 1 0 0 0 0 0 823 -0.0158528
0 0 1 0 0 0 0 0 0 1 824 -1.07991
0 0 1 1 1 0 1 0 1 0 825 0.707726
1 0 0 0 0 0 1 0 1 1 826 -0.0447732
0 1 1 1 0 0 1 0 0 1 827 -1.26268
0 0 0 0 0 0 0 0 0 0 828 -1.44176
0 0 1 0 0 0 0 1 1 0 829 0.0578487
1 1 0 1 0 0 0 1 1 1 830 0.19418
0 0 0 0 0 0 0 0 0 0 831 -1.12503
0 1 1 1 1 1 1 1 0 0 832 0.245334
0 1 1 1 0 0 1 1 0 0 833 -1.50484
1 1 0 0 1 0 1 0 1 1 834 0.0455272
1 0 1 1 1 0 1 1 1 1 835 0.349127
0 1 1 1 1 1 1 1 1 1 836 0.867486
1 0 1 1 0 1 1 1 1 1 837 0.560145
0 1 1 1 0 1 1 1 1 1 838 0.722727
0 0 0 1 0 1 1 1 0 1 839 0.213974
1 1 0 1 1 1 1 1 1 1 840 2.20081
1 1 0 0 0 1 1 0 0 0 841 -0.0791596
1 0 0 1 0 0 1 0 1 0 842 0.112479
1 0 1 1 1 0 1 0 0 1 843 0.648464
1 0 1 1 0 1 1 0 1 0 844 -0.108297
1 1 1 1 1 0 1 0 1 1 845 -0.0647567
0 1 1 1 0 1 1 0 1 0 846 -0.2243
1 1 0 0 0 0 0 0 1 1 847 -1.81859
1 0 1 1 0 0 1 1 1 1 848 -0.527978
0 1 1 0 0 0 1 0 0 1 849 0.0684794
1 1 1 1 0 1 0 1 1 1 850 0.263912
0 0 1 0 0 1 0 0 1 1 851 -0.241981
1 1 1 1 0 1 0 0 0 0 852 0.0690803
1 1 1 1 1 1 1 1 0 1 853 0.574293
1 0 0 1 1 1 1 0 1 1 854 0.87646
1 0 0 0 0 0 1 0 1 0 855 -0.801314
1 1 0 1 1 1 1 1 1 1 856 1.18473
0 0 0 0 0 0 0 0 1 0 857 -1.30231
1 1 0 1 1 0 1 0 1 1 858 1.00836
1 1 0 0 0 0 0 0 0 0 859 -1.83975
0 1 1 1 1 1 1 1 1 1 860 0.622301
1 1 1 1 1 1 1 1 1 1 861 1.63617
0 0 0 1 1 1 1 0 1 0 862 0.61179
0 0 1 1 0 1 1 0 0 0 863 0.217206
0 0 0 0 0 1 0 0 0 1 864 0.0194129
0 1 1 1 0 1 1 0 0 1 865 1.02623
0 1 0 1 1 1 0 0 0 1 866 -0.788002
1 1 1 0 0 0 0 1 1 1 867 -0.0582346
1 1 1 1 0 1 1 0 1 1 868 0.311765
1 0 1 1 1 1 1 1 1 1 869 1.72226
1 0 0 1 0 0 0 0 0 1 870 -0.177217
1 0 1 1 1 1 1 0 1 1 871 0.976364
1 1 1 1 1 0 0 1 0 1 872 0.435109
0 0 0 0 0 0 0 1 1 0 873 -0.410198
0 1 1 1 1 0 0 0 0 0 874 -0.392122
0 0 0 1 0 0 0 0 0 0 875 -1.47814
0 1 1 0 1 0 0 0 0 0 876 -0.537795
1 0 0 1 0 1 0 1 0 1 877 0.0107951
0 1 0 1 0 1 0 1 0 0 878 -0.646591
0 0 0 0 0 0 0 0 0 1 879 -0.0586527
1 1 1 1 1 0 1 0 1 1 880 0.861037
0 1 0 0 0 0 0 0 0 0 881 -3.89766
0 1 1 1 0 0 0 1 0 1 882 0.486057
1 1 1 1 1 1 1 0 1 1 883 0.8414
1 1 1 1 1 1 1 0 1 0 884 1.31929
1 1 1 1 0 1 1 1 0 1 885 0.67773
1 1 0 1 0 0 0 0 0 0 886 -0.410324
0 1 1 1 1 1 1 1 1 0 887 1.85335
1 1 1 0 1 1 0 0 0 1 888 0.0680849
1 0 1 1 0 1 0 0 0 0 889 0.0594087
0 0 1 0 0 1 0 1 0 0 890 -0.694849
1 1 1 1 1 1 1 1 1 1 891 1.63656
1 0 1 1 1 0 1 1 1 0 892 0.891181
1 1 1 1 1 0 0 1 1 0 893 0.0966138
1 1 1 1 1 1 1 1 1 1 894 1.04339
0 1 0 1 0 1 0 1 0 1 895 -0.487911
0 0 0 0 0 1 1 1 1 1 896 0.216536
0 0 0 1 0 0 1 0 0 1 897 -0.350396
0 1 1 0 1 0 0 0 0 0 898 -2.06099
0 0 0 0 0 0 1 1 0 0 899 -0.990318
0 1 1 1 1 1 0 0 1 0 900 0.26275
1 1 0 1 1 1 0 1 1 1 901 1.14688
0 0 0 1 1 1 0 0 0 0 902 -1.24678
0 0 1 1 0 0 0 0 1 1 903 -0.167238
1 1 1 1 1 1 1 1 1 1 904 2.15052
0 0 1 1 0 0 0 0 0 1 905 -0.414733
1 0 0 0 0 0 0 1 1 0 906 -1.08696
1 1 1 1 0 1 1 1 0 1 907 0.0444507
1 0 1 1 1 1 0 1 0 1 908 0.703972
1 0 1 0 0 0 0 0 1 1 909 -0.467658
1 1 1 1 1 1 1 1 0 0 910 0.640139
0 1 1 1 1 0 0 1 1 1 911 0.310471
0 0 0 0 0 0 0 0 0 0 912 -1.31926
0 0 1 1 1 1 1 1 1 1 913 1.21056
0 1 1 1 0 0 0 0 0 0 914 -0.759713
1 0 1 1 1 1 1 1 1 1 915 1.57013
1 1 1 0 0 1 0 1 1 1 916 0.268349
0 0 0 0 0 0 0 0 0 0 917 -2.06114
1 0 0 0 0 1 1 1 0 0 918 -0.00620097
1 1 1 1 0 1 0 0 1 1 919 0.0819534
1 1 1 1 1 0 1 1 0 1 920 1.20054
1 1 1 1 1 0 1 0 0 1 921 1.35833
1 0 1 1 0 0 0 0 0 0 922 -0.310567
1 1 1 1 0 0 1 1 1 0 923 0.467886
1 0 1 1 1 1 0 1 1 1 924 1.04552
0 1 1 1 1 1 1 1 1 1 925 2.2113
0 0 0 0 1 1 1 0 0 1 926 0.071576
0 0 1 0 0 0 0 0 0 1 927 -0.274731
0 0 1 1 1 1 0 0 1 1 928 -0.531723
0 0 1 0 0 0 0 0 0 0 929 -0.562012
0 1 1 0 0 1 0 0 1 0 930 -0.834982
0 1 0 1 0 0 0 1 0 0 931 -2.04954
1 1 0 0 1 1 0 0 1 1 932 -0.312015
1 1 0 0 1 1 1 1 1 1 933 1.39255
0 1 1 1 0 1 0 0 0 1 934 -1.0504
0 0 1 0 1 0 1 0 0 0 935 -0.916154
1 0 1 0 0 1 1 1 0 0 936 0.503218
0 1 0 0 0 0 0 0 0 0 937 -0.883051
0 1 1 0 0 1 1 1 1 0 938 0.541712
0 0 0 0 1 0 1 0 0 1 939 -0.171345
1 1 1 1 1 1 1 1 1 0 940 1.80928
0 1 1 0 1 1 0 0 0 1 941 0.0834971
0 0 0 1 1 0 0 0 1 1 942 0.152288
1 1 1 1 1 1 1 0 1 1 943 1.71813
0 1 0 0 0 0 0 0 1 0 944 -0.572664
1 1 1 1 1 1 0 0 1 1 945 0.631398
1 0 1 1 1 1 1 1 1 1 946 0.961138
0 0 1 1 0 0 1 0 0 0 947 -0.182269
1 0 1 0 0 1 0 0 0 1 948 -0.466612
1 1 1 1 0 1 1 0 1 1 949 0.810687
0 1 1 1 1 1 0 0 1 1 950 0.526856
1 1 1 1 0 0 1 0 1 0 951 0.285443
0 1 0 0 1 0 0 1 1 0 952 -0.777121
0 0 0 0 1 0 0 0 0 1 953 -0.296051
0 0 1 1 0 1 0 1 1 1 954 0.420265
1 1 1 0 0 0 0 0 0 0 955 -1.07128
1 0 1 1 1 1 1 1 1 1 956 1.52906
1 0 1 1 1 1 1 1 1 1 957 0.862593
1 0 1 1 0 0 0 0 0 1 958 -1.04393
1 0 0 1 1 1 1 1 0 0 959 0.458755
1 1 1 1 0 1 1 1 1 0 960 1.00031
0 1 1 1 0 1 1 1 1 0 961 1.01648
1 1 1 1 1 1 1 1 1 1 962 0.927842
1 1 1 1 1 1 1 1 1 1 963 1.45695
0 0 0 0 1 1 0 0 0 1 964 -1.47158
0 1 0 1 1 0 1 1 0 0 965 0.381864
1 1 0 1 1 1 0 0 1 0 966 0.274245
0 0 0 1 0 1 1 1 0 0 967 -0.198684
0 1 0 1 1 0 0 0 1 1 968 -0.173901
0 0 1 0 0 0 1 0 0 0 969 -1.33935
0 1 1 1 0 0 0 0 0 0 970 -0.189555
1 0 1 1 1 1 0 1 1 0 971 0.675769
0 0 0 0 0 0 0 0 1 0 972 -2.00601
1 0 0 1 0 0 1 1 1 1 973 -0.0537579
1 1 0 1 0 0 1 1 1 1 974 -0.22338
0 1 0 1 0 0 1 0 1 1 975 -0.116647
1 1 1 1 1 1 1 1 1 1 976 1.86739
0 0 0 1 0 1 0 0 0 1 977 -0.760533
1 1 1 0 0 0 0 1 0 0 978 -0.283472
0 1 1 1 0 0 0 1 0 0 979 0.0839911
0 1 1 1 1 1 1 1 0 1 980 1.94721
1 1 1 1 1 1 1 1 1 1 981 2.06232
0 0 0 0 0 0 1 0 0 0 982 -2.69599
0 0 0 1 1 1 1 1 1 1 983 0.581236
0 0 0 0 0 0 0 0 0 0 984 -1.31457
1 0 0 1 1 0 1 1 1 1 985 1.09122
0 0 1 0 0 0 1 1 0 0 986 -0.448427
0 1 1 1 1 1 1 1 1 1 987 1.47605
0 1 1 1 1 0 0 1 0 1 988 0.525433
1 0 0 0 0 1 1 1 1 0 989 -0.707194
0 0 1 0 0 0 0 0 0 1 990 -0.984065
0 1 1 1 0 0 1 0 1 0 991 0.484825
1 0 1 1 1 1 1 1 1 1 992 0.861535
0 1 0 0 1 0 0 0 0 1 993 -0.215406
1 1 1 1 0 1 1 1 0 1 994 0.746928
0 0 0 1 0 0 0 0 0 0 995 -0.784276
1 0 1 1 0 1 1 1 1 1 996 0.485324
1 1 1 1 1 1 1 1 1 1 997 1.56271
1 0 1 1 1 0 1 1 1 0 998 1.01693
1 1 1 1 1 1 1 1 1 1 999 0.622684
