1 1 0 1 1 1 1 1 1 1 0 1.69411
0 0 0 1 0 1 0 0 0 1 1 -1.33926
0 1 0 0 1 1 1 0 0 0 2 -0.0399422
1 1 1 1 1 1 1 1 1 1 3 0.832132
1 0 1 1 0 0 1 1 0 0 4 -0.326936
1 0 1 0 0 0 0 1 1 1 5 -0.116669
1 1 1 1 1 1 0 0 1 1 6 0.882444
1 0 1 0 0 1 0 0 0 0 7 -0.638039
1 0 0 0 0 1 0 0 1 0 8 -1.04373
1 1 1 1 0 0 1 1 0 0 9 -0.719119
0 0 1 1 0 0 0 0 0 0 10 -1.32159
1 1 1 1 1 1 1 0 1 1 11 1.28789
1 1 1 1 1 1 0 0 1 0 12 0.275804
0 0 1 1 0 1 0 0 1 0 13 -1.13906
0 0 0 1 0 0 0 1 1 0 14 0.195558
0 1 1 1 1 1 1 0 1 1 15 0.409146
0 1 0 0 0 0 0 0 0 0 16 -0.300615
1 1 1 1 1 0 0 1 1 0 17 0.308986
1 0 1 1 1 1 1 1 1 0 18 1.23811
1 0 1 1 0 0 0 0 0 0 19 -0.283515
1 0 0 1 0 0 1 0 0 1 20 -0.0821992
0 0 0 0 0 0 0 1 0 0 21 -1.6168
1 0 0 1 0 1 0 0 1 1 22 0.0991112
1 1 1 1 1 0 1 1 1 1 23 0.381176
0 0 1 0 0 1 0 1 0 1 24 -0.636192
0 0 1 0 0 0 1 0 0 0 25 -0.711245
1 0 1 1 1 1 1 0 1 1 26 0.916274
1 0 1 1 0 1 1 1 1 0 27 0.910578
0 0 0 0 0 0 0 1 0 1 28 -0.467162
0 1 0 0 0 0 0 0 1 0 29 -0.690134
1 0 1 1 0 1 0 1 1 1 30 0.66251
1 1 0 0 0 1 1 0 0 0 31 -0.898596
1 1 0 1 1 1 1 0 0 0 32 -0.0923102
0 0 1 0 0 0 0 0 1 0 33 -1.33317
0 1 1 1 0 0 1 1 1 0 34 0.70682
0 0 0 0 1 0 0 0 0 1 35 -1.49752
0 1 1 1 0 1 0 0 1 1 36 0.328387
1 1 1 1 1 1 1 1 1 1 37 1.14848
0 1 1 0 0 0 1 1 1 1 38 0.44575
0 0 1 1 0 1 1 0 1 1 39 0.647477
0 1 0 1 0 0 0 0 1 1 40 -0.383593
0 1 0 0 0 0 0 0 0 0 41 -1.96441
0 0 1 1 1 1 0 0 0 1 42 -0.265341
1 0 1 1 1 1 1 1 1 1 43 1.55402
0 1 1 1 0 0 0 0 1 0 44 -0.245727
1 1 0 1 1 1 0 1 1 0 45 0.482875
0 0 1 1 0 0 0 0 0 0 46 -1.80346
0 1 1 1 1 0 1 1 1 0 47 0.276554
0 0 1 1 1 1 1 0 0 1 48 0.636715
1 1 0 1 1 1 1 1 0 1 49 0.526831
1 0 1 0 0 0 0 0 1 1 50 -0.839628
1 0 1 1 1 0 1 1 1 1 51 0.332599
0 0 1 1 0 1 0 0 0 0 52 -0.686039
0 1 1 0 0 1 0 0 1 1 53 0.491575
1 0 0 1 0 1 0 0 0 0 54 -0.50712
0 1 1 0 1 1 0 0 1 0 55 -1.01949
0 1 0 1 0 1 0 0 1 0 56 0.0773299
0 1 1 0 1 1 0 1 1 1 57 -0.322003
1 0 0 1 0 0 1 0 1 0 58 -0.608171
1 1 1 1 1 1 1 1 1 0 59 1.95228
1 1 1 1 1 0 0 0 0 0 60 0.390159
1 1 1 0 0 1 1 1 1 1 61 1.55076
0 0 0 0 1 0 0 0 0 0 62 -1.72028
0 1 1 0 0 1 0 1 0 0 63 -0.048335
0 0 0 1 1 0 0 0 0 1 64 -1.3061
0 1 0 1 0 1 0 0 1 0 65 -0.971431
1 1 1 1 0 0 0 0 0 1 66 0.475929
1 1 0 1 1 0 1 1 1 1 67 1.09324
1 0 0 1 0 0 0 0 0 0 68 0.0327743
1 0 0 0 1 0 0 1 1 0 69 -0.164137
1 1 1 1 1 1 1 1 1 1 70 0.922954
1 1 0 1 0 0 1 0 0 1 71 0.499515
0 0 1 0 0 0 1 0 0 1 72 -2.99013
0 1 1 1 0 0 1 1 1 1 73 0.613712
0 0 0 1 1 1 0 0 1 1 74 -0.696896
1 0 1 0 1 0 0 0 1 0 75 0.241808
0 0 0 0 0 1 0 0 1 0 76 -0.0700872
1 0 1 1 1 1 1 0 1 1 77 0.901782
0 0 1 0 0 1 1 0 1 0 78 0.0831534
0 1 0 1 0 0 0 1 1 1 79 -0.516004
0 0 1 1 1 1 1 1 1 1 80 2.09432
1 0 1 0 1 1 0 0 0 0 81 0.852951
1 0 0 1 0 0 1 0 0 1 82 -0.55478
1 0 1 1 1 1 1 1 1 1 83 1.46287
0 1 1 0 0 0 0 0 1 0 84 -0.706597
0 0 0 0 1 0 1 0 1 0 85 -0.392878
1 1 1 0 0 1 0 0 1 1 86 0.38986
0 1 1 1 0 1 0 0 1 0 87 -0.149727
0 0 0 0 1 1 0 1 0 0 88 -2.55109
0 0 1 0 0 0 0 0 0 0 89 -0.446033
1 1 1 0 0 0 0 1 1 0 90 -0.426044
0 0 1 1 0 0 0 0 0 1 91 0.0245847
0 1 1 1 0 1 1 0 0 1 92 -0.163608
0 0 0 1 1 1 1 0 0 1 93 -0.242766
0 0 1 0 0 0 0 1 1 0 94 -0.587289
0 0 1 0 0 1 0 0 0 1 95 -0.0991624
1 0 0 0 0 1 0 0 0 0 96 -0.662269
0 0 0 0 0 0 0 0 0 0 97 -1.01965
1 1 1 1 1 1 0 1 1 1 98 0.96974
1 1 1 0 0 1 1 0 1 0 99 -0.13348
0 0 1 0 0 0 0 0 0 0 100 -2.70748
0 0 0 0 1 0 1 0 1 1 101 -1.1993
1 0 1 1 1 1 1 1 1 1 102 1.36117
0 0 0 1 0 1 0 0 0 1 103 -0.726401
1 1 1 0 1 1 1 0 1 1 104 0.85879
1 1 1 1 1 1 1 1 1 1 105 1.18802
1 1 1 1 1 1 1 1 1 1 106 1.27294
1 0 1 0 0 1 0 0 0 0 107 -1.09525
0 1 1 1 0 1 0 0 1 0 108 -0.0305021
1 0 0 0 0 0 0 0 1 1 109 -0.0872841
0 1 0 0 1 1 0 0 1 1 110 0.40332
1 1 1 1 1 1 0 1 1 1 111 1.0465
0 1 1 0 1 0 0 0 1 0 112 -0.316699
0 0 0 0 0 1 0 0 0 0 113 -0.417694
1 0 0 0 1 0 0 1 1 0 114 0.18096
0 0 1 1 0 1 0 0 0 1 115 -0.00695087
0 0 1 0 1 0 0 0 1 1 116 -0.655198
0 0 0 0 1 0 0 0 1 0 117 -0.567915
1 0 1 0 1 0 0 0 0 1 118 -0.331184
1 1 1 1 1 1 1 1 1 1 119 1.0224
1 1 0 0 0 0 1 0 1 1 120 -1.16118
0 0 0 1 0 1 0 1 1 0 121 -0.0105405
1 1 1 1 1 1 1 1 1 0 122 1.29041
0 0 1 1 0 0 0 0 0 0 123 -0.797893
0 1 0 1 1 1 1 0 1 0 124 0.136253
0 1 1 0 0 1 0 0 1 0 125 -0.719214
1 1 1 1 1 1 1 1 1 1 126 1.67625
0 0 0 1 1 1 0 0 1 0 127 -0.0597943
1 0 1 0 1 1 1 1 1 1 128 0.802395
1 1 1 1 1 1 1 1 1 1 129 1.59741
0 1 1 0 0 0 0 0 0 0 130 -0.440263
0 0 1 1 0 1 1 0 1 0 131 -0.105099
0 1 1 1 1 1 0 0 1 0 132 -0.378917
1 1 1 1 0 1 1 0 1 0 133 -0.139952
0 1 0 1 0 0 0 0 1 1 134 -0.341736
0 1 0 0 0 1 0 1 1 1 135 0.0581274
1 0 1 1 0 1 1 1 1 0 136 0.548372
0 0 1 0 0 0 0 0 0 0 137 -1.31684
0 1 0 0 1 0 1 0 1 1 138 0.214369
0 0 1 1 1 1 0 0 1 1 139 0.597423
0 0 1 1 0 0 0 0 0 1 140 -1.53435
1 1 1 1 1 0 1 1 1 1 141 1.07677
1 1 1 1 0 1 1 1 1 1 142 1.81875
0 1 1 1 1 1 1 1 1 1 143 0.880665
1 1 1 0 1 0 0 1 1 0 144 -0.0411556
0 1 0 1 0 0 1 1 1 0 145 0.390476
0 0 1 1 1 0 0 0 1 1 146 -0.648222
0 0 1 0 0 0 0 0 1 1 147 -1.239
1 1 1 1 0 1 1 0 1 1 148 0.48552
1 0 1 0 0 0 0 1 0 0 149 -0.478133
0 1 1 1 0 0 1 0 0 0 150 -0.880952
1 0 1 1 1 1 0 0 1 1 151 0.43938
0 0 0 0 0 0 0 1 1 0 152 -1.49884
1 1 0 1 1 1 1 1 1 1 153 0.594737
1 1 0 0 1 1 0 0 1 0 154 -0.243143
0 0 1 1 1 0 1 0 1 1 155 -0.103721
0 1 0 1 0 0 1 0 1 1 156 0.816838
0 1 1 1 0 1 1 0 0 1 157 0.375544
0 1 1 1 1 1 1 0 1 1 158 0.512135
1 1 1 1 1 1 1 1 1 1 159 1.74707
1 0 1 0 1 1 1 1 0 1 160 0.662313
0 1 0 0 0 0 0 0 0 0 161 -0.309334
1 0 0 1 0 0 0 0 1 0 162 -0.527699
1 0 1 0 0 0 0 0 0 0 163 -1.30899
0 1 1 0 0 0 0 0 0 1 164 0.207051
0 0 1 1 1 1 0 0 0 0 165 0.223568
0 0 1 0 0 0 0 0 0 1 166 -0.592827
1 0 1 1 1 1 1 1 1 1 167 0.965387
1 0 1 1 0 1 0 1 1 1 168 1.56666
1 1 1 1 1 1 1 1 1 1 169 1.10557
0 0 1 1 0 0 0 0 1 0 170 0.0892973
0 0 1 1 1 1 1 1 1 0 171 -0.383242
1 0 1 0 0 0 0 1 0 1 172 -0.417177
1 1 1 1 1 1 1 1 1 1 173 1.34293
1 1 0 0 0 1 1 0 1 0 174 -0.611918
0 0 0 1 0 1 0 0 0 0 175 -0.583138
1 1 1 1 1 1 1 1 1 1 176 1.35461
1 0 1 1 0 0 1 1 1 0 177 -0.459327
0 0 1 1 0 0 1 0 0 0 178 -0.154616
0 0 1 1 1 0 0 0 0 1 179 -0.791529
0 1 1 0 0 1 0 0 0 1 180 -1.64806
0 1 1 0 0 0 0 1 1 0 181 -0.75113
1 0 1 0 0 1 1 1 0 1 182 1.15619
1 0 1 1 1 1 1 1 1 1 183 1.05389
0 1 1 0 1 0 1 1 1 1 184 -0.565003
0 1 1 1 1 1 1 0 1 1 185 0.21638
0 1 0 1 0 1 1 0 1 1 186 -0.938723
0 0 0 1 1 0 1 0 0 1 187 -0.0220805
0 0 1 0 0 0 0 1 0 0 188 -0.323
0 0 1 1 1 0 1 0 0 0 189 -0.614744
0 0 1 1 0 0 0 0 1 1 190 0.107573
0 1 0 1 1 1 1 0 1 1 191 0.351149
1 0 1 0 0 1 1 0 1 1 192 0.315727
0 0 0 0 0 0 0 0 1 0 193 -0.853917
0 1 1 1 1 1 1 0 0 1 194 1.18429
1 0 1 0 0 0 0 1 1 0 195 -0.0707169
1 1 0 0 1 0 0 0 1 1 196 0.65663
1 0 1 1 0 1 0 0 1 0 197 -0.386369
1 0 0 1 1 0 0 0 1 0 198 -0.735592
0 1 1 1 1 1 1 1 1 1 199 1.41503
1 0 0 1 0 0 0 0 0 1 200 0.161658
1 0 1 0 0 0 0 0 1 0 201 -1.4854
0 1 1 0 1 0 1 0 0 0 202 -1.64246
1 0 1 1 1 0 1 0 1 1 203 0.957589
0 0 1 1 1 1 0 1 1 1 204 0.559536
1 0 0 1 1 0 0 0 0 1 205 -0.701468
0 0 1 1 1 0 1 1 0 1 206 0.990417
1 1 1 0 1 0 0 1 1 0 207 0.4448
0 0 1 1 0 0 1 0 0 0 208 -0.287088
1 0 1 1 1 1 1 0 1 0 209 0.96951
0 1 1 1 1 0 1 0 1 1 210 0.273592
1 0 1 0 0 1 1 0 1 0 211 -0.559786
1 1 0 0 0 0 0 0 1 0 212 0.217658
1 0 1 0 1 1 1 1 1 1 213 0.435097
0 0 1 1 0 0 0 0 0 1 214 -0.12689
1 0 0 0 0 0 0 0 1 1 215 -1.27483
1 1 1 1 1 1 1 1 1 1 216 1.66228
0 1 0 0 0 0 1 0 0 0 217 -0.845838
1 1 1 1 1 1 1 1 0 1 218 1.41742
0 0 1 0 0 0 0 0 1 1 219 -0.404751
1 1 1 1 1 1 1 1 1 0 220 1.76681
1 0 0 0 0 1 0 0 0 0 221 -0.622358
1 1 1 0 1 1 0 0 1 0 222 0.0428757
0 1 0 0 0 0 0 0 0 0 223 -0.686457
1 1 1 1 0 1 0 0 1 1 224 0.88827
1 0 1 0 0 1 1 0 1 0 225 -0.0618763
1 1 1 1 1 1 1 1 1 1 226 2.03823
0 0 1 1 0 0 1 1 1 1 227 0.276357
1 0 1 1 1 1 1 1 1 0 228 1.34672
1 1 1 1 1 1 1 1 1 0 229 1.10418
0 0 0 0 0 0 0 0 0 0 230 -0.508324
1 0 0 1 1 1 0 1 1 1 231 0.709929
1 0 1 1 0 1 0 0 1 0 232 -0.155249
1 0 0 1 0 1 0 0 1 0 233 0.101706
1 1 1 1 0 0 0 0 1 1 234 -0.180597
0 1 1 1 1 1 1 1 0 1 235 0.996937
0 0 1 1 0 0 0 0 0 0 236 -0.6717
0 1 1 1 0 0 0 0 1 1 237 -0.899845
1 1 1 1 0 0 1 1 1 1 238 0.885191
0 0 0 0 0 0 0 1 0 0 239 -2.28446
1 1 1 1 0 1 1 1 0 1 240 0.798828
0 1 1 0 1 1 1 1 1 1 241 1.21411
1 0 0 1 1 1 1 1 0 1 242 1.81324
0 1 0 1 0 1 1 0 1 0 243 1.01714
0 0 0 0 0 0 0 0 0 1 244 -1.06068
0 1 0 0 1 1 0 1 1 0 245 -0.654756
1 0 0 0 0 0 0 0 1 0 246 -1.75976
1 1 1 1 1 0 0 1 1 1 247 1.18447
0 0 0 1 0 0 0 0 1 0 248 -1.95778
1 1 0 0 1 1 1 1 1 0 249 0.273464
1 1 1 1 1 1 1 1 1 1 250 1.60901
0 0 1 0 0 0 0 0 1 0 251 -0.755091
1 1 1 1 0 0 0 0 1 1 252 0.721601
0 1 0 0 0 1 0 0 1 0 253 -1.29702
1 0 0 1 0 1 0 0 1 0 254 -0.425041
1 1 1 1 0 1 0 0 1 1 255 -0.0979696
1 1 1 0 0 1 0 1 1 0 256 0.408413
1 1 1 1 1 1 1 1 1 1 257 1.59641
1 1 0 1 0 1 0 1 1 1 258 0.613321
1 1 0 1 0 1 1 0 1 1 259 -0.886613
1 0 0 0 0 0 0 0 0 0 260 -1.38717
1 1 1 1 0 1 0 0 0 1 261 -0.130177
0 0 0 0 0 0 0 0 1 0 262 -1.02613
1 1 1 1 1 0 1 1 1 1 263 1.48451
1 1 0 1 1 0 0 0 0 0 264 0.665222
0 1 1 1 0 1 0 0 0 1 265 -0.349138
0 1 0 0 1 1 1 1 1 1 266 0.761446
0 1 0 1 0 0 1 0 0 0 267 -1.20982
1 1 1 1 1 1 0 1 1 1 268 0.813969
1 0 1 1 1 1 1 1 1 1 269 1.96171
1 1 0 1 0 0 0 0 0 1 270 0.272318
1 1 1 1 1 0 1 0 1 0 271 1.20596
0 1 1 1 1 0 0 0 1 1 272 -0.2035
0 0 1 1 1 1 0 0 1 0 273 0.108518
1 0 0 0 0 0 0 0 0 1 274 -0.885389
1 1 0 1 0 1 0 1 1 1 275 0.0669142
0 0 1 1 0 0 0 0 1 1 276 -0.0670053
1 0 1 1 0 1 1 1 1 1 277 0.657914
0 1 0 0 0 1 1 1 1 1 278 0.701594
0 0 0 0 0 0 0 1 0 0 279 -1.0504
1 0 1 1 1 1 1 1 1 1 280 1.99509
1 1 1 1 0 1 0 1 0 0 281 0.689378
1 0 0 1 0 0 1 1 1 0 282 -0.511509
1 1 1 1 1 1 1 1 1 1 283 1.10404
1 1 1 1 0 1 1 1 1 1 284 0.808708
0 0 1 1 0 1 0 0 1 1 285 0.476449
0 1 1 1 0 0 0 1 1 0 286 0.459419
1 1 1 1 1 1 1 1 1 1 287 1.89771
0 0 0 0 1 0 0 1 0 0 288 -1.68905
1 1 1 1 1 1 1 1 1 1 289 1.56091
1 1 1 1 1 1 1 1 1 1 290 2.02731
0 1 0 1 0 0 0 0 0 1 291 -1.10677
0 0 0 0 0 0 0 0 0 1 292 -1.92686
1 0 0 1 1 0 0 0 1 0 293 -0.526613
0 1 0 1 0 0 0 0 1 0 294 -1.44458
0 0 0 1 0 0 0 1 0 0 295 -2.00619
1 1 1 0 1 1 0 0 1 1 296 1.05064
0 0 1 1 0 0 0 0 0 0 297 -2.84722
0 1 1 1 0 0 1 0 1 1 298 0.115337
1 0 1 0 0 1 0 0 1 1 299 -0.479649
1 1 1 0 0 0 0 1 0 0 300 -1.13203
0 0 1 1 1 0 1 1 0 0 301 0.397892
0 1 1 0 1 0 0 0 1 1 302 -0.381322
1 0 1 1 1 1 1 0 1 1 303 1.04333
0 0 1 0 0 1 1 0 1 1 304 0.366227
0 1 1 1 0 0 0 0 1 0 305 -0.805793
0 0 1 0 0 1 1 0 0 0 306 -0.553802
1 1 1 1 1 0 0 1 1 1 307 0.655952
1 1 1 1 1 1 1 1 1 1 308 1.6307
1 0 1 1 1 1 1 0 1 1 309 0.48275
1 0 0 0 0 0 0 0 0 1 310 -1.00168
0 0 1 0 0 0 0 0 0 0 311 -1.36294
0 0 1 0 0 0 0 0 0 0 312 -0.338844
0 1 1 0 1 0 1 1 1 0 313 0.215943
0 0 1 1 0 1 0 0 1 0 314 0.135985
1 1 0 0 0 0 1 0 1 1 315 -0.971217
1 1 1 1 1 0 1 1 1 1 316 1.52091
1 1 1 0 0 0 0 0 0 0 317 -2.22875
0 1 1 1 0 1 1 1 1 0 318 0.728218
0 1 0 1 0 1 0 1 1 0 319 -0.513622
1 0 1 1 1 1 1 1 1 1 320 -0.156449
0 1 0 1 0 1 0 0 1 1 321 0.143141
1 1 1 1 1 1 1 1 0 1 322 1.16949
1 0 0 0 1 0 0 1 0 0 323 -1.24991
0 1 1 1 0 1 0 0 0 1 324 0.858706
0 0 1 1 1 0 1 0 0 1 325 0.0262493
1 0 1 1 1 1 1 1 1 1 326 2.21595
0 0 0 0 0 0 1 0 0 0 327 -0.845877
0 1 1 1 0 0 0 1 1 1 328 0.699105
1 0 1 1 0 0 0 1 0 1 329 -1.09532
0 1 1 1 1 1 0 1 0 1 330 0.631926
1 0 1 1 1 1 1 1 1 1 331 2.70008
1 0 1 1 0 1 0 0 1 0 332 0.511538
0 0 0 0 1 0 0 0 1 0 333 -0.712867
1 0 1 1 0 1 1 0 1 1 334 0.653054
1 1 1 1 1 1 1 1 1 1 335 2.30099
0 0 1 0 0 1 1 1 1 1 336 0.0591512
1 1 1 1 1 1 1 0 1 1 337 1.19704
1 1 1 1 1 1 1 1 1 1 338 1.69704
0 0 1 1 0 0 0 0 1 0 339 -0.418546
1 1 1 1 0 0 1 0 1 1 340 0.498743
0 1 0 1 1 0 0 1 1 1 341 0.442197
1 0 0 1 1 0 0 0 1 1 342 -0.664004
0 1 0 0 0 0 0 0 0 1 343 -1.38304
0 0 1 1 0 0 0 0 1 1 344 -0.00839626
0 1 1 0 0 1 0 0 1 1 345 0.324436
0 0 0 1 0 0 0 0 0 0 346 -1.22111
1 0 0 0 0 0 0 0 0 1 347 -0.887
0 1 1 1 0 1 0 0 1 0 348 0.552539
0 1 0 0 0 0 0 0 0 1 349 -0.0908841
1 0 1 1 1 1 0 1 1 0 350 1.112
0 1 1 1 1 1 1 0 1 0 351 0.702907
0 0 1 0 0 0 0 0 1 1 352 -0.30756
0 1 1 1 1 1 0 0 0 1 353 0.241974
1 0 0 1 1 1 0 1 0 0 354 -0.541515
0 0 0 1 0 0 1 0 0 1 355 -0.282789
1 1 1 1 1 1 1 1 1 1 356 2.45579
1 0 0 1 1 0 1 1 0 0 357 -0.347849
1 1 1 0 1 1 1 1 1 0 358 2.06833
0 0 1 0 0 0 1 0 0 0 359 -1.88886
1 1 1 1 1 1 0 1 1 1 360 1.90243
0 0 1 0 0 0 0 0 0 0 361 -1.26187
0 0 1 1 0 0 0 0 0 0 362 -0.859479
1 0 1 1 1 1 1 0 1 0 363 1.03787
0 0 1 1 1 0 0 0 0 0 364 -1.51281
0 0 0 0 0 0 0 0 0 0 365 -2.1946
1 0 1 1 0 1 0 0 0 1 366 0.0130581
0 1 0 0 0 0 0 0 0 0 367 -2.39556
1 1 1 0 0 0 0 1 1 0 368 0.0194263
0 0 1 0 1 1 1 1 1 0 369 0.87334
1 0 1 1 0 1 0 0 1 1 370 0.138961
1 1 1 1 1 1 1 1 1 1 371 2.40989
0 0 1 0 0 1 0 0 1 1 372 -0.488067
1 1 0 1 1 0 0 1 0 1 373 0.3735
0 1 1 1 1 1 0 0 1 0 374 -0.378965
1 0 0 0 0 1 0 0 0 0 375 -2.15377
1 1 1 1 0 1 1 0 1 0 376 0.64679
0 1 1 1 0 1 1 0 0 0 377 0.167394
1 1 0 0 1 1 1 1 1 1 378 0.837746
0 1 1 0 1 0 1 0 0 0 379 0.0428755
1 0 0 0 0 0 1 1 0 1 380 -1.18204
1 1 1 1 0 1 1 0 1 0 381 0.037305
1 1 1 1 1 1 1 1 1 0 382 1.56366
0 0 1 1 0 0 0 0 1 1 383 0.0620143
0 0 0 0 0 1 0 0 0 1 384 -0.706029
1 1 0 1 1 1 1 0 1 1 385 0.440951
0 0 0 0 0 1 0 1 1 0 386 -0.65746
0 0 0 1 0 1 1 0 0 1 387 -1.44371
1 0 0 1 0 0 0 0 0 1 388 -0.700637
1 1 1 1 0 1 0 0 0 0 389 -0.188283
1 0 1 1 0 0 1 0 1 1 390 0.914122
0 0 1 1 1 0 1 1 1 1 391 1.32283
1 0 0 1 0 1 0 0 1 1 392 -0.520114
0 1 1 1 0 1 0 1 0 0 393 -0.850299
1 1 0 1 0 0 1 0 0 0 394 0.0190734
0 1 1 1 1 1 1 1 1 1 395 1.2672
0 1 0 0 0 0 0 1 0 0 396 -1.0989
1 0 1 0 1 0 1 1 1 1 397 -0.272587
1 1 1 1 1 1 0 1 1 0 398 0.296361
0 1 1 1 1 0 0 1 1 0 399 2.44807
0 1 1 0 0 0 0 0 1 0 400 -1.54241
0 0 0 0 0 0 1 0 1 1 401 -0.580218
0 0 1 1 1 1 0 0 1 0 402 -0.220811
0 0 0 1 0 0 0 0 1 1 403 -0.279548
1 0 0 1 1 1 1 0 1 1 404 0.0663371
0 0 1 0 0 1 1 0 1 1 405 -0.401585
1 0 1 1 0 1 0 1 1 1 406 0.475657
1 0 0 0 0 0 0 1 0 1 407 -1.04735
1 0 1 1 0 1 0 1 1 1 408 0.379204
1 0 1 0 1 0 0 0 1 1 409 -0.763626
0 1 0 0 1 0 0 0 0 0 410 -1.04977
1 1 1 1 1 1 1 1 1 1 411 2.02412
1 0 1 0 0 1 0 1 1 0 412 -0.238567
1 1 0 1 0 1 1 0 1 0 413 0.58952
0 0 1 1 0 1 1 1 1 1 414 0.485898
1 0 0 0 0 0 0 0 0 0 415 -1.2054
0 1 0 0 0 0 0 0 0 0 416 -2.03306
0 0 0 1 0 0 0 0 0 0 417 -1.51161
0 0 1 0 0 1 1 1 1 1 418 0.0665991
1 1 0 0 0 0 0 0 1 0 419 -1.20999
0 1 1 1 1 1 1 1 1 1 420 1.65827
1 1 0 1 1 0 1 1 1 1 421 0.688957
1 0 1 1 0 0 0 0 0 1 422 0.157286
1 0 1 0 1 0 0 1 1 1 423 0.553874
0 1 1 1 0 1 0 1 1 1 424 -0.539562
1 1 0 0 0 1 0 0 0 1 425 -0.373074
0 0 0 0 0 0 0 0 0 0 426 -1.08086
0 1 1 0 0 0 1 0 1 0 427 0.109902
1 1 1 1 1 1 1 1 1 1 428 1.86589
0 0 1 0 0 0 1 0 0 0 429 -0.285115
1 0 1 0 1 1 0 0 0 0 430 -0.368945
1 1 1 1 0 1 1 0 0 0 431 0.670895
0 1 1 1 1 0 1 0 1 0 432 0.527613
1 0 0 1 0 0 1 0 1 0 433 0.393515
0 0 0 1 0 1 0 0 1 0 434 -0.0371686
0 0 0 1 0 1 1 1 1 1 435 0.0802883
0 0 1 1 1 1 0 1 0 0 436 0.744517
1 0 1 1 0 1 0 0 1 0 437 -0.366723
1 0 1 1 1 1 0 0 1 0 438 0.289402
1 0 0 1 1 0 1 1 1 0 439 -0.200276
1 0 0 0 1 0 0 0 0 0 440 -0.930527
1 1 1 1 1 0 1 1 1 1 441 2.24722
0 0 0 1 0 0 0 0 0 1 442 -0.876374
0 0 1 1 0 0 1 0 0 0 443 -0.116011
1 0 0 0 0 0 1 0 0 0 444 0.310194
0 0 1 1 1 0 0 0 1 1 445 -0.204039
0 0 1 1 0 0 0 0 1 0 446 -1.26566
1 0 1 1 1 1 1 0 1 1 447 1.13375
1 0 1 1 1 0 1 0 0 1 448 0.359294
1 1 1 1 0 1 1 0 1 1 449 0.607896
0 1 1 1 1 1 1 1 1 1 450 0.729654
0 0 0 1 1 0 0 0 0 0 451 -0.74106
0 0 1 1 1 1 0 1 0 1 452 0.491803
0 1 1 1 1 1 1 1 1 1 453 1.34744
0 1 1 0 1 0 1 1 0 1 454 -1.83469
1 1 1 0 1 1 1 1 1 0 455 2.25019
0 1 0 1 1 0 0 0 0 0 456 -0.568063
1 1 0 1 0 1 0 0 0 1 457 0.454612
1 1 1 1 0 1 1 0 1 0 458 0.522531
0 0 1 1 0 1 0 1 1 1 459 -0.461415
1 0 0 1 0 0 1 0 0 0 460 -1.32876
0 1 0 0 1 1 1 0 1 1 461 1.01461
0 1 0 1 0 0 0 0 0 1 462 -1.8733
0 0 0 0 0 0 0 1 0 1 463 -1.53628
1 1 1 1 1 0 1 1 0 1 464 1.10223
0 1 1 1 1 1 0 1 1 1 465 0.825624
0 1 0 1 0 0 1 1 1 1 466 0.960846
0 0 0 1 0 0 0 1 1 0 467 -0.496434
0 0 1 1 0 0 1 1 1 0 468 -1.22104
1 0 1 0 0 1 1 0 0 1 469 -0.130512
1 1 1 1 1 1 1 1 1 0 470 1.35807
1 1 1 1 1 1 1 1 1 1 471 1.45479
0 0 1 1 1 1 1 1 1 0 472 0.143543
1 1 1 1 1 1 1 1 1 1 473 1.59779
0 0 0 0 1 0 0 0 0 0 474 -0.974479
0 0 1 1 1 0 1 0 1 0 475 0.0412489
1 0 1 1 0 1 1 1 1 1 476 0.390463
1 1 1 1 1 1 1 0 1 0 477 1.06704
0 0 0 0 0 0 1 0 1 1 478 -0.897205
0 0 0 0 0 0 0 0 1 0 479 -1.8777
0 0 0 0 0 0 0 0 0 1 480 -2.03134
0 0 0 0 0 0 0 1 0 0 481 -2.21912
0 0 0 1 1 0 0 1 1 0 482 0.0172695
1 0 0 0 1 0 0 0 0 0 483 -2.18569
1 1 1 1 1 1 1 1 1 1 484 2.21571
1 0 1 1 1 1 1 0 1 1 485 0.131316
0 0 1 0 0 0 0 1 0 0 486 -1.34741
1 0 0 0 1 0 1 0 1 1 487 -1.08632
0 1 0 1 0 0 1 1 0 0 488 -0.562281
1 0 1 1 1 0 0 0 1 1 489 -0.259733
1 0 1 1 1 0 1 1 0 1 490 1.26654
1 1 1 0 0 0 0 0 1 0 491 -1.60256
1 0 1 0 0 1 1 0 0 0 492 -0.998439
0 0 0 1 0 0 0 1 0 0 493 -1.09071
0 0 1 1 1 0 1 0 1 1 494 0.354964
1 0 0 1 1 1 1 1 1 0 495 0.889512
0 1 1 1 1 1 1 0 1 1 496 1.23688
0 1 0 1 1 1 1 1 0 1 497 -0.806577
1 1 1 1 0 0 1 0 0 1 498 -0.204639
1 1 0 0 0 0 0 0 1 1 499 -0.814638
0 1 0 1 1 0 1 1 1 0 500 1.00298
1 1 1 0 1 1 1 1 1 1 501 1.19805
1 0 0 0 1 1 1 0 1 0 502 0.305007
1 1 0 1 1 1 1 1 1 1 503 1.00063
0 1 0 1 0 0 0 1 1 0 504 -1.70676
1 0 0 0 1 0 0 0 1 0 505 -0.420616
0 1 0 0 0 1 0 0 0 0 506 -0.435329
1 1 1 0 1 0 0 0 1 1 507 0.013525
0 0 0 1 1 1 1 0 1 1 508 0.551945
0 0 1 1 1 0 1 0 1 1 509 -0.489403
1 1 1 1 1 1 1 1 1 0 510 0.983905
0 0 0 1 0 0 0 1 1 0 511 -0.389083
1 1 1 1 0 0 0 0 1 1 512 -1.00006
1 1 1 1 0 0 1 1 1 1 513 0.163374
1 1 1 1 1 1 0 1 1 1 514 1.62365
1 1 1 1 1 1 1 1 1 0 515 1.05019
1 0 0 0 0 0 0 0 0 0 516 -2.30343
0 0 1 0 0 0 1 0 1 1 517 -0.907017
1 0 1 0 0 0 0 1 1 0 518 -0.075957
0 0 0 0 1 0 1 0 1 0 519 -1.23814
1 0 1 1 0 1 0 1 1 1 520 0.308862
1 1 1 1 1 1 1 1 1 0 521 2.37927
0 0 0 1 1 0 1 0 1 0 522 -0.607558
0 0 1 0 0 0 0 0 0 0 523 -1.21719
0 0 1 1 0 0 0 0 0 1 524 -0.313608
1 1 1 1 1 0 1 0 1 0 525 -0.260187
0 0 0 0 0 0 1 1 0 0 526 -0.467091
1 0 0 1 1 1 1 1 1 1 527 0.563574
1 1 1 1 1 1 1 1 1 1 528 1.66368
1 0 1 1 1 1 1 1 1 0 529 1.94575
1 1 1 0 1 1 0 1 1 1 530 1.07691
1 1 1 1 0 1 0 0 0 0 531 0.0244577
1 0 1 1 1 1 1 0 1 1 532 0.7306
0 1 0 1 0 0 0 1 1 0 533 -0.189717
0 0 0 0 0 0 1 0 1 0 534 -1.21574
0 0 1 0 0 0 0 0 0 0 535 -0.804541
1 1 1 1 1 1 1 1 1 0 536 1.36297
0 0 1 0 0 0 1 0 0 0 537 -1.70109
0 0 1 1 0 1 0 0 1 0 538 -0.28388
0 1 1 1 1 0 0 1 1 1 539 -0.232703
1 0 0 1 1 1 1 1 1 0 540 0.851889
1 1 1 1 1 1 1 1 1 1 541 1.21358
1 0 1 0 0 1 0 0 0 0 542 -1.73833
0 0 1 1 0 0 1 1 1 1 543 0.353163
0 0 1 0 0 0 1 0 1 1 544 0.106137
0 0 1 0 1 0 0 0 0 1 545 -0.384675
1 0 1 1 1 1 1 1 1 1 546 1.4862
1 0 1 1 0 1 0 0 0 1 547 -0.178178
1 0 0 1 1 0 1 0 0 1 548 -0.626005
1 0 0 0 0 1 1 1 1 0 549 -0.12099
0 0 0 0 0 0 0 0 1 1 550 -1.45104
1 1 0 0 0 1 0 0 1 1 551 -0.125394
1 0 1 1 1 1 0 1 1 1 552 0.444241
1 1 1 1 0 1 1 0 1 1 553 1.2891
1 0 0 0 0 0 1 0 1 0 554 -0.92226
1 0 1 1 1 1 1 1 1 1 555 1.69541
1 1 1 1 1 0 0 0 1 1 556 0.84001
1 0 0 1 1 1 1 1 1 1 557 1.52103
0 0 0 1 0 0 1 1 1 0 558 0.558528
1 0 0 1 0 1 0 0 1 1 559 -0.268076
1 1 1 1 1 1 1 1 1 1 560 2.8761
1 1 0 0 0 1 0 0 1 0 561 -1.45321
1 1 1 1 1 1 0 0 1 1 562 0.565686
1 1 1 1 0 0 0 1 0 1 563 -0.20966
0 0 1 1 0 0 0 0 1 0 564 -0.48699
1 1 1 1 1 0 1 0 1 0 565 0.738035
1 1 0 1 1 1 1 0 1 1 566 1.55635
0 1 0 0 1 0 0 0 0 0 567 -0.739957
0 0 0 0 1 0 1 0 0 0 568 -1.09883
1 0 0 1 1 1 1 1 1 1 569 0.834197
0 1 1 1 0 0 0 0 1 1 570 -0.00136627
0 0 1 1 1 1 0 0 1 0 571 0.43958
1 1 1 1 1 1 0 1 1 1 572 1.69604
0 1 1 1 0 0 0 0 1 0 573 -0.372399
1 1 1 1 1 0 1 1 1 1 574 1.48296
0 1 1 1 1 0 1 0 1 1 575 0.736366
0 0 1 1 0 1 0 0 1 0 576 0.274244
0 1 0 1 0 0 0 0 0 0 577 -0.518807
1 0 1 0 0 0 1 0 0 1 578 -0.391112
1 1 1 0 0 0 1 0 0 0 579 -1.67465
1 0 0 1 1 1 1 1 1 0 580 0.651251
0 1 1 1 0 0 0 0 1 1 581 0.529407
1 0 0 1 0 1 0 0 1 1 582 0.474237
0 1 0 0 0 0 0 0 0 0 583 -1.01803
0 1 1 0 1 0 1 0 0 1 584 -0.473783
1 0 1 1 0 0 0 0 1 0 585 -0.348069
1 0 0 1 0 1 0 0 1 0 586 -0.083284
1 1 1 0 0 0 1 1 0 0 587 -0.43732
1 1 1 1 0 1 0 1 1 0 588 0.543205
0 1 1 0 0 0 0 0 1 0 589 -0.467565
0 0 0 0 0 1 0 1 1 1 590 0.219735
1 1 1 0 0 1 1 1 1 1 591 0.653979
1 0 1 0 0 0 0 0 1 1 592 0.482161
1 0 1 1 1 1 0 0 1 0 593 0.442045
1 1 1 1 1 1 1 1 1 1 594 1.79072
1 1 0 0 0 0 1 0 0 0 595 -0.583433
1 1 0 1 1 0 1 1 1 1 596 0.535969
1 1 0 1 0 0 1 1 1 0 597 0.289265
0 1 1 1 0 1 1 1 1 0 598 0.995307
0 1 0 0 0 0 0 1 1 0 599 -1.82227
0 0 1 1 0 1 0 0 1 1 600 -1.01927
0 0 1 0 1 1 0 0 0 0 601 -1.38297
0 0 0 0 0 0 0 0 0 1 602 -1.98049
1 0 1 1 0 1 1 0 1 1 603 0.27291
0 0 0 1 0 0 0 0 0 0 604 -0.685635
1 1 1 1 0 1 0 0 1 1 605 0.552265
1 0 1 0 1 1 1 0 1 1 606 0.0183861
0 0 1 0 0 1 0 0 0 1 607 -0.576287
0 0 0 1 0 0 1 0 1 1 608 -0.707798
1 1 1 1 1 1 1 1 1 1 609 1.66863
1 0 0 1 0 1 1 1 1 0 610 0.0635668
0 1 1 0 0 0 0 1 0 0 611 -1.28826
0 1 0 1 1 0 1 0 1 1 612 -1.1627
0 1 1 1 1 1 1 0 1 0 613 0.49953
0 0 0 0 0 0 1 0 0 0 614 -1.58765
0 1 1 1 0 0 0 1 1 0 615 -0.386338
1 0 1 0 0 0 1 1 1 0 616 0.0209257
1 1 1 1 1 0 1 1 1 1 617 1.80215
0 0 1 0 1 0 0 0 1 0 618 -0.0742213
1 1 0 1 0 0 0 1 0 0 619 -0.520576
0 0 0 0 0 0 0 0 0 0 620 -2.47251
0 1 1 1 1 0 0 0 1 1 621 -0.147302
1 1 1 1 1 1 0 0 1 0 622 -0.0337174
0 0 1 0 1 1 0 0 1 0 623 0.303554
1 0 1 1 1 1 1 1 1 1 624 0.990066
1 1 1 1 1 1 1 1 1 1 625 1.50399
1 0 1 1 1 0 0 1 1 1 626 0.775055
0 1 1 1 1 1 0 1 1 1 627 0.972179
1 1 0 1 1 1 1 1 1 1 628 0.493436
1 0 0 0 0 0 1 0 1 1 629 -0.044846
0 0 1 1 0 1 1 1 1 0 630 -0.40407
1 1 1 1 0 1 1 1 1 1 631 0.801371
0 1 1 1 0 0 0 0 1 1 632 0.751138
0 1 1 1 1 0 1 0 1 1 633 0.702858
0 0 0 1 0 0 1 1 1 0 634 -0.268031
0 0 1 0 1 0 0 1 0 1 635 -2.03021
0 1 0 1 0 0 0 0 0 0 636 -0.616594
1 1 1 1 1 0 1 0 0 1 637 0.728759
0 1 0 0 1 0 0 0 0 0 638 -1.13553
1 0 1 0 0 0 1 0 0 1 639 0.110794
1 1 1 1 1 1 1 1 1 1 640 2.19187
0 0 1 0 0 0 0 0 1 0 641 -2.16301
0 1 1 0 0 0 0 0 0 0 642 -1.70875
0 0 0 0 0 0 0 0 1 0 643 -1.27229
1 1 0 1 0 1 1 1 0 0 644 0.446114
1 1 0 1 0 1 1 0 1 0 645 -0.820812
0 0 0 0 1 0 1 0 1 1 646 -0.322805
1 1 0 1 0 1 0 1 1 0 647 0.191142
1 1 1 0 1 1 0 0 1 0 648 -0.276527
1 1 0 1 1 1 1 1 1 0 649 0.448048
1 1 1 1 1 1 0 1 1 1 650 1.50426
1 1 1 1 0 0 1 1 0 1 651 0.721802
0 0 1 0 0 0 0 1 0 1 652 -0.482343
0 0 1 0 0 0 1 0 0 1 653 0.257938
1 1 1 1 0 1 0 0 1 1 654 0.229906
0 0 0 1 0 0 0 0 0 0 655 -1.9784
1 0 0 1 0 0 0 0 1 1 656 -1.44698
1 0 0 0 0 0 0 0 0 0 657 -1.12889
1 0 1 1 1 0 0 1 0 0 658 -0.0443033
1 0 0 1 0 0 0 1 1 1 659 -0.0765214
0 0 1 0 0 0 0 0 1 0 660 -0.296589
0 0 0 0 0 0 0 0 0 0 661 -1.81875
0 1 0 0 0 0 1 0 1 0 662 -1.19815
0 1 1 1 0 0 0 1 1 1 663 0.027082
1 0 1 1 0 1 0 0 1 0 664 0.35395
0 0 1 0 0 1 1 1 1 1 665 0.744759
1 1 1 1 1 1 1 0 1 1 666 1.42851
0 0 1 0 1 0 1 1 1 1 667 0.954896
0 0 1 0 0 1 0 1 1 1 668 0.352692
1 1 1 1 0 1 1 1 0 1 669 0.599703
1 1 1 1 1 1 1 1 1 0 670 2.74745
0 0 0 0 1 0 0 0 1 0 671 -1.12545
0 0 1 1 0 0 1 0 1 0 672 -1.18595
0 0 1 1 0 1 0 0 1 1 673 -0.476122
0 1 1 1 0 0 0 0 0 0 674 -0.467242
0 1 1 1 0 1 0 1 1 0 675 -0.0187885
1 0 0 1 0 0 1 0 1 1 676 0.0695877
0 0 1 0 1 1 1 0 1 1 677 0.964698
0 1 1 1 0 1 0 1 1 1 678 0.125979
1 0 1 1 0 0 0 1 1 1 679 0.55424
1 0 1 1 0 0 0 0 1 1 680 -0.206591
0 0 0 1 1 1 0 0 1 0 681 -0.0473175
1 1 1 0 0 0 1 0 1 1 682 -0.520576
1 1 0 1 0 1 1 0 0 0 683 -0.59565
0 0 0 0 1 0 1 0 1 0 684 -0.767871
1 0 1 0 0 0 0 0 0 0 685 -0.101601
0 0 0 0 0 0 1 0 0 0 686 -2.20717
1 1 1 0 1 1 1 1 1 1 687 0.451019
1 1 1 0 1 0 0 1 1 0 688 0.849382
1 1 1 1 1 1 1 1 1 1 689 1.69959
1 0 1 1 1 0 1 1 0 1 690 0.548062
1 0 1 1 1 0 1 0 1 1 691 0.188613
0 1 0 0 0 0 0 0 1 1 692 -0.836033
1 1 1 1 1 1 1 1 1 1 693 2.26559
1 0 0 0 0 1 1 1 0 0 694 -1.45352
0 1 1 1 1 1 1 1 1 1 695 0.980095
0 0 1 1 1 1 0 0 0 1 696 -0.0423679
1 1 0 0 0 0 1 1 1 1 697 0.47935
1 0 0 1 0 1 1 1 1 0 698 0.812428
1 1 1 1 1 0 1 1 1 1 699 0.979186
0 1 0 0 0 0 0 1 1 0 700 -1.72897
1 1 1 1 1 0 0 0 1 0 701 0.0589139
1 0 0 1 1 0 0 0 0 0 702 -0.710834
1 1 1 1 1 1 1 1 1 1 703 1.67464
0 0 0 1 0 0 0 0 0 0 704 -0.45466
0 1 1 0 0 1 1 0 1 0 705 -0.100066
0 0 1 1 1 0 1 0 0 1 706 0.122829
1 1 1 1 1 0 1 0 1 1 707 0.663511
1 1 1 1 1 1 1 1 1 1 708 4.03433
1 0 1 1 1 1 1 1 1 1 709 1.21626
0 1 1 1 0 1 0 0 1 0 710 0.026754
0 1 1 1 1 0 1 0 1 1 711 0.773284
0 0 1 0 0 0 0 1 0 1 712 -1.25366
1 0 1 1 0 0 0 1 0 1 713 0.466066
0 0 1 0 1 1 0 0 1 1 714 -0.145357
0 0 1 1 1 0 1 0 0 1 715 -1.99901
1 0 1 1 0 1 1 0 1 0 716 0.403891
0 0 1 1 0 1 0 0 0 0 717 0.138174
1 1 0 1 1 1 1 1 1 1 718 1.05991
1 0 1 1 1 1 0 1 1 1 719 1.38327
1 1 1 1 0 1 0 1 1 1 720 0.36359
1 1 0 1 1 0 1 0 1 1 721 0.699058
1 1 1 1 1 1 1 1 1 0 722 1.56752
0 1 0 0 1 0 0 1 0 0 723 -1.1535
0 1 1 1 0 0 0 0 1 0 724 -0.0244658
0 0 1 1 0 1 0 0 0 0 725 0.125536
0 0 0 1 0 1 1 1 1 1 726 1.29811
1 1 1 0 0 1 0 1 1 0 727 0.414854
0 0 1 0 0 0 1 1 1 0 728 -0.574214
0 1 1 1 1 1 1 1 1 1 729 1.10731
0 0 1 0 0 0 1 0 1 0 730 0.0472294
1 0 1 0 1 1 1 1 1 1 731 0.506854
1 0 0 1 1 1 0 0 1 0 732 1.0327
1 1 1 1 0 0 0 0 1 1 733 0.105543
0 0 1 1 0 0 1 0 0 0 734 -0.534554
0 1 0 0 1 1 1 1 1 1 735 0.860939
0 0 0 1 1 1 1 0 1 0 736 0.0669004
1 1 1 1 1 1 1 1 1 1 737 1.6207
0 1 1 0 0 0 0 0 1 1 738 -0.699255
1 0 1 1 0 1 1 1 1 1 739 -0.0838667
0 0 1 0 0 0 1 1 1 0 740 -0.539964
0 0 0 0 0 0 0 0 0 1 741 -0.813414
1 0 1 0 0 1 0 0 0 1 742 -1.58681
0 0 1 1 0 0 0 0 0 0 743 -1.07739
0 0 0 0 1 0 0 0 1 1 744 -1.1317
0 1 1 1 1 1 1 1 1 1 745 1.09506
1 1 1 1 0 1 0 0 1 1 746 0.381341
1 0 1 1 1 1 1 1 1 1 747 0.887773
0 1 0 1 0 0 1 1 1 1 748 -0.0417608
1 1 0 0 0 1 1 0 0 1 749 -0.526768
0 0 1 1 1 0 1 1 1 1 750 -0.163837
1 1 1 1 0 1 1 0 1 1 751 1.14121
0 1 0 1 0 1 1 0 1 0 752 0.536872
1 0 1 0 0 0 0 0 0 0 753 -1.31606
1 0 1 0 1 1 0 0 1 0 754 -0.0158672
0 1 1 0 0 0 0 1 0 0 755 -0.0464484
0 0 0 1 1 0 0 0 1 1 756 -0.246192
1 0 1 1 1 1 1 0 1 0 757 0.140679
0 1 1 1 1 1 0 1 1 1 758 -0.0514375
1 0 0 1 1 0 0 0 0 1 759 -1.26053
0 0 1 0 0 0 1 0 1 0 760 -1.54081
1 1 1 0 1 0 1 0 0 0 761 -0.119436
0 0 0 1 1 1 0 0 1 0 762 -0.235945
0 1 0 1 0 0 0 0 1 1 763 -0.720548
1 0 1 1 0 0 1 1 1 0 764 0.414259
0 0 1 0 1 0 0 1 1 0 765 -0.161481
0 0 1 1 0 0 1 0 1 0 766 -0.683701
1 1 1 1 0 1 0 0 1 1 767 0.274966
0 1 1 1 0 0 0 0 0 1 768 -0.628649
1 0 1 1 1 1 1 1 1 0 769 0.961735
1 0 1 1 1 1 1 0 1 1 770 0.374758
0 1 1 1 1 0 0 0 1 1 771 -0.174743
1 1 1 1 1 1 1 1 1 1 772 1.38703
1 0 1 1 1 1 1 1 1 0 773 0.794593
0 1 1 0 0 0 1 0 1 1 774 -0.122067
1 1 1 1 1 1 0 1 1 0 775 1.00075
0 1 0 1 1 0 0 0 0 0 776 -2.35209
1 1 1 1 1 1 1 1 1 0 777 1.1938
0 0 0 0 0 0 0 0 1 0 778 -1.01478
1 0 1 1 1 0 0 0 1 0 779 -0.0349052
0 1 1 1 1 1 1 1 1 1 780 0.839505
1 0 0 1 0 1 1 1 0 0 781 0.235549
1 0 1 1 1 0 0 0 1 1 782 0.691579
1 1 1 0 0 0 1 0 1 0 783 -0.547586
0 0 0 0 0 0 1 0 0 1 784 -0.995044
1 1 1 1 0 1 1 0 1 1 785 0.786251
0 0 1 0 0 0 0 0 1 0 786 -0.673588
0 0 0 0 0 0 1 0 0 0 787 -0.690307
1 0 1 1 1 1 1 1 1 1 788 1.14799
0 1 0 0 0 1 0 0 0 1 789 -1.1225
0 0 1 1 0 0 1 0 0 0 790 -0.24265
1 0 1 0 1 1 1 0 1 0 791 -0.0984228
1 1 1 1 1 1 1 1 1 1 792 1.77702
1 0 0 0 1 1 0 1 1 1 793 0.805618
0 0 1 1 1 0 0 0 1 1 794 -0.464396
1 0 0 0 1 0 0 0 0 0 795 -0.359648
0 0 0 0 1 0 0 0 1 0 796 -0.799881
0 1 0 0 0 0 0 0 1 0 797 -2.13251
1 1 1 1 0 1 0 0 0 1 798 -0.638408
0 0 0 1 0 0 0 0 0 0 799 -0.267597
1 0 0 1 1 0 1 0 1 1 800 -0.0882811
0 0 0 0 0 0 1 1 0 1 801 0.318119
0 0 1 1 0 1 1 0 1 0 802 -1.01516
1 1 0 1 0 0 0 1 0 1 803 -0.37283
0 1 0 1 1 1 0 1 0 0 804 0.524032
0 0 0 1 0 0 0 0 0 1 805 -0.289035
0 0 1 0 0 0 0 0 1 1 806 -1.43469
0 0 0 0 0 0 0 0 1 0 807 -1.39914
0 0 1 0 0 0 0 1 1 1 808 -0.86121
0 0 0 1 0 1 1 1 1 0 809 0.26257
1 0 1 1 1 1 0 0 0 0 810 0.0783797
1 0 0 1 0 1 0 1 1 1 811 -0.069174
0 0 0 1 1 0 1 0 0 0 812 -1.14375
1 0 1 1 1 1 1 0 1 0 813 1.086
1 0 1 1 0 0 1 1 1 1 814 0.888577
0 1 1 1 1 0 1 0 1 1 815 0.136224
1 0 1 1 1 1 1 1 1 1 816 1.19148
0 0 1 0 0 0 1 0 1 0 817 -1.22409
0 0 0 0 0 0 0 0 0 0 818 -1.56771
0 1 0 0 0 0 1 1 0 0 819 -1.81005
1 0 1 0 0 1 1 0 1 1 820 0.0487026
1 1 1 1 1 1 1 1 1 1 821 1.85535
1 0 0 1 0 0 1 0 0 1 822 -0.323183
1 0 0 0 0 1 1 0 0 0 823 -1.36546
1 0 0 1 0 0 1 0 0 0 824 -0.684989
1 1 1 1 1 1 1 1 1 0 825 1.28889
0 0 1 1 0 0 0 0 0 0 826 -0.422458
1 1 1 1 1 1 1 1 1 1 827 2.19386
1 1 1 1 1 1 1 1 1 0 828 1.88836
1 1 0 0 0 0 0 0 0 0 829 -1.20143
0 0 0 1 0 1 1 0 0 0 830 -0.938822
0 1 0 0 0 0 0 0 1 1 831 0.225752
0 1 0 1 0 0 0 0 1 1 832 -0.102792
1 0 1 1 0 0 1 1 1 0 833 0.876994
0 1 1 0 0 0 0 0 0 0 834 -1.8007
1 1 1 1 0 1 0 0 1 0 835 0.13458
0 1 1 1 0 0 1 0 0 1 836 -0.0386853
0 1 0 0 0 0 0 1 1 1 837 0.0888289
1 1 1 0 0 0 0 0 1 0 838 -0.449894
0 0 1 0 1 1 0 1 1 1 839 0.661336
0 0 1 0 0 0 1 0 1 1 840 -0.109048
0 1 1 0 0 0 0 0 0 0 841 -1.52059
0 1 1 1 0 1 1 1 1 0 842 0.531511
1 1 1 1 0 1 1 1 1 1 843 1.61865
1 1 0 1 0 0 0 0 1 1 844 -0.503322
0 1 1 1 1 1 1 1 1 1 845 1.03151
1 1 0 1 1 0 1 1 1 1 846 1.42664
1 0 1 1 1 1 0 0 0 1 847 -0.0700658
1 0 1 0 0 1 0 0 1 0 848 0.528351
1 0 1 1 0 0 0 0 1 0 849 0.518538
0 0 1 0 0 0 1 0 0 0 850 -0.426429
0 0 1 0 0 0 0 0 1 0 851 -1.58428
0 1 1 1 1 1 1 0 1 1 852 0.654943
1 1 1 0 1 1 1 1 0 0 853 0.856416
1 0 0 1 0 1 0 1 1 1 854 0.0694729
0 1 0 1 1 0 0 0 1 1 855 -0.398575
1 0 0 0 0 1 0 0 0 0 856 -1.3672
0 0 0 0 0 1 0 0 0 0 857 -0.0155097
1 0 0 0 1 0 0 0 0 1 858 -0.604416
1 1 1 1 1 0 0 1 1 0 859 0.326816
0 0 0 1 0 0 1 0 0 0 860 -0.65948
1 1 0 0 1 0 0 0 1 0 861 -1.18026
0 0 0 1 0 1 1 1 1 1 862 0.201948
1 1 0 1 0 1 1 0 0 1 863 -0.205458
1 1 1 1 1 1 1 1 1 1 864 0.389502
0 0 0 1 0 0 0 0 1 1 865 -2.33536
0 0 1 0 0 1 0 0 1 0 866 -0.0514455
1 0 1 0 1 0 1 1 1 0 867 0.562308
0 0 1 1 1 1 1 0 1 0 868 0.0866275
0 0 1 1 0 0 0 0 1 0 869 0.15697
0 0 1 1 0 0 1 0 0 1 870 0.0408533
0 1 1 1 0 0 1 0 1 0 871 0.430649
1 0 1 1 1 0 1 0 0 0 872 0.196488
0 0 1 1 0 0 0 0 1 0 873 -0.631121
1 0 0 0 0 0 0 0 1 0 874 -0.673157
1 0 1 0 1 1 0 0 1 1 875 0.55013
1 1 1 1 0 0 0 1 1 1 876 0.249343
0 0 0 1 1 0 1 1 1 0 877 0.233321
1 1 0 0 1 1 1 1 1 1 878 0.820102
0 0 1 1 0 0 0 0 1 0 879 -0.555184
0 0 1 0 0 0 0 1 0 0 880 -1.36712
0 1 1 1 1 1 1 1 1 1 881 1.6778
1 1 1 1 1 0 0 1 1 1 882 1.46456
1 0 1 1 0 1 0 1 1 0 883 -0.153606
1 1 1 0 0 1 1 1 1 0 884 0.685825
1 1 1 0 1 1 1 1 1 1 885 1.70022
1 1 1 1 1 1 1 1 1 1 886 2.0137
1 0 1 0 0 0 0 0 1 1 887 0.0348406
0 1 0 0 0 1 0 0 1 0 888 -1.35945
1 1 0 1 1 0 1 1 1 0 889 1.18085
0 1 0 0 0 1 1 0 0 0 890 -2.74963
0 0 0 1 0 0 0 0 1 0 891 -0.902551
0 0 1 1 0 0 0 1 0 1 892 -0.665554
1 1 1 1 1 1 1 0 1 1 893 0.66977
0 0 1 0 0 0 0 0 0 1 894 0.185142
1 0 1 1 1 1 1 0 1 0 895 0.66954
0 0 0 0 0 0 1 0 0 0 896 -0.418498
1 1 0 0 1 1 0 0 0 0 897 -1.74135
1 1 1 0 0 1 1 1 1 0 898 0.179225
0 1 0 0 1 1 0 1 1 0 899 0.453364
1 0 1 1 0 0 1 0 0 1 900 -1.05025
0 1 0 0 0 0 0 1 1 0 901 -1.50701
1 1 1 0 0 1 1 1 1 1 902 1.41884
1 0 1 0 0 1 0 1 0 1 903 -0.383545
0 0 1 0 0 0 0 0 1 0 904 -0.115463
1 1 1 1 1 1 1 1 1 0 905 1.09527
0 0 1 0 0 0 1 1 1 0 906 -1.45433
0 1 1 1 1 1 0 0 0 0 907 -0.33195
0 0 0 1 0 1 0 1 1 0 908 0.285319
0 1 1 1 0 0 0 0 0 1 909 -1.12803
0 0 0 0 0 0 0 0 0 0 910 -0.990711
1 1 1 0 1 1 1 1 0 1 911 0.536751
0 1 0 0 1 1 0 0 1 0 912 -0.872446
1 1 1 1 0 0 1 0 1 1 913 -0.813172
0 1 1 0 1 0 0 1 1 0 914 -1.54464
0 0 1 1 0 0 0 1 1 1 915 -0.275291
0 0 1 0 0 0 0 0 0 1 916 -0.779766
1 0 1 1 1 1 1 1 1 1 917 1.39712
0 0 1 1 0 1 0 1 1 0 918 -0.243248
0 1 1 0 1 1 1 0 1 1 919 0.515883
0 0 1 1 0 1 1 0 1 1 920 0.18142
1 0 0 1 0 1 1 0 1 1 921 0.282323
1 1 1 0 0 0 1 0 1 0 922 -0.533116
0 0 0 0 0 0 0 0 0 0 923 -1.63207
1 0 1 1 0 1 0 0 1 1 924 0.22045
0 1 1 1 1 1 1 0 1 1 925 1.35823
1 1 1 1 1 1 1 1 1 0 926 1.32246
0 0 1 0 0 0 0 0 0 1 927 0.394405
0 1 1 0 0 0 0 0 1 1 928 -1.46753
1 1 0 0 0 0 1 0 0 0 929 -0.94143
0 1 0 0 1 1 1 1 1 1 930 1.02739
1 1 0 1 0 0 1 1 1 1 931 1.14125
1 0 0 0 0 0 0 0 0 0 932 -2.28204
1 0 1 0 0 1 0 0 0 0 933 -0.504282
0 0 1 0 0 1 0 1 1 1 934 -0.0571849
1 0 0 1 0 1 0 0 1 1 935 -0.127072
0 0 0 0 0 1 0 0 1 1 936 0.584023
1 0 1 1 0 0 0 0 1 1 937 -0.402859
1 1 0 1 1 1 0 1 0 0 938 -0.6232
1 1 1 1 1 1 1 0 1 0 939 1.09857
1 0 0 0 1 0 0 1 1 0 940 -1.08305
1 1 1 1 1 1 1 1 1 1 941 1.8556
0 0 0 0 0 1 0 0 0 0 942 -1.35524
0 0 1 0 0 0 0 0 1 0 943 -0.382675
0 0 1 0 1 0 1 1 0 1 944 0.356433
0 0 0 1 0 0 0 0 1 1 945 -0.687807
0 0 1 0 0 0 0 0 1 0 946 -1.90437
0 0 1 0 0 0 0 0 0 0 947 -1.63946
0 1 0 1 1 1 1 1 1 1 948 2.08004
1 0 1 0 0 0 1 0 1 1 949 0.325654
0 1 1 1 0 0 0 0 0 0 950 -1.07914
1 1 1 0 0 0 0 1 0 1 951 1.10305
0 0 0 0 0 1 0 0 0 0 952 -1.84667
0 1 0 0 1 1 0 0 1 0 953 -0.0520579
1 0 1 1 1 0 0 0 0 1 954 -0.267354
1 1 1 1 1 0 0 1 1 0 955 0.208033
0 0 1 1 0 1 1 1 1 1 956 0.507995
0 1 0 1 0 0 0 0 1 0 957 -0.291728
1 0 1 1 0 0 0 1 0 0 958 -0.241472
0 1 1 1 1 0 1 1 1 1 959 1.08094
0 0 1 0 0 0 0 1 1 0 960 -0.731197
0 1 0 0 0 0 1 0 0 0 961 -2.14868
0 0 0 0 0 0 0 0 0 1 962 -1.25957
1 0 1 1 0 0 0 1 1 1 963 -0.278898
1 1 0 0 0 0 0 0 0 0 964 -0.822377
0 1 1 0 1 0 0 1 1 1 965 -0.668639
0 0 0 1 0 0 0 0 0 0 966 -0.936947
1 0 0 0 0 0 0 0 0 0 967 -1.42382
0 1 1 1 0 0 1 0 0 1 968 -0.927058
0 1 0 1 1 0 0 1 0 0 969 -0.199147
0 1 1 1 0 0 0 0 0 1 970 -0.413336
1 0 1 1 1 1 0 0 1 1 971 0.865201
1 1 0 1 0 0 0 0 1 0 972 -0.276972
1 1 0 0 0 0 0 1 0 0 973 -1.20048
0 1 0 1 1 1 0 0 1 1 974 1.47933
0 1 1 1 0 0 0 0 1 1 975 -0.449221
1 0 1 1 1 1 1 1 1 0 976 1.56263
1 0 1 1 0 0 0 0 0 1 977 -0.794632
1 1 1 1 1 1 1 1 1 1 978 1.96845
1 0 1 1 0 1 1 1 1 1 979 0.0193426
0 0 0 1 1 1 1 1 1 1 980 0.74659
1 1 1 1 0 1 1 1 1 1 981 1.04936
1 1 1 1 0 1 1 1 1 1 982 0.791797
0 1 0 1 1 1 0 0 1 1 983 0.745094
1 1 0 1 0 1 1 1 0 1 984 0.481368
1 1 0 0 0 1 0 0 1 1 985 -0.491691
1 1 1 1 1 0 1 0 1 1 986 1.22632
1 0 1 1 0 1 1 1 1 1 987 0.91311
0 0 1 1 1 1 0 1 1 0 988 -0.0809763
0 0 0 0 0 0 1 0 1 0 989 -0.458946
0 0 1 1 1 0 0 0 0 1 990 -1.05596
0 0 0 0 0 1 0 0 0 0 991 -0.958678
0 0 0 1 1 0 0 1 1 1 992 0.242071
0 0 1 0 0 0 0 1 1 0 993 -0.0653067
1 0 0 0 1 1 1 1 1 0 994 0.210387
0 0 1 0 0 0 0 0 0 1 995 -0.964145
1 0 0 0 0 0 0 1 1 0 996 -0.0587539
1 0 0 0 0 0 0 0 1 1 997 0.0584387
1 1 1 1 1 0 1 0 1 0 998 -0.672594
1 1 0 1 0 0 1 1 1 0 999 -0.203111
