0 1 1 0 1 1 1 1 1 0 0 0.378825
0 1 1 1 0 0 0 0 0 0 1 -0.475192
0 1 0 0 0 0 0 0 0 0 2 -1.6328
1 0 0 0 0 0 0 0 1 0 3 0.161043
0 0 0 0 0 0 0 0 1 0 4 -1.25284
0 0 1 1 1 0 1 0 1 1 5 0.0636196
0 1 0 0 0 0 0 0 0 0 6 -1.34538
1 1 1 1 1 0 1 1 1 1 7 1.26913
0 0 0 0 0 1 1 0 1 0 8 -0.659287
0 0 1 1 0 1 0 0 1 0 9 -0.0377871
1 0 1 1 1 1 1 1 1 1 10 1.70492
1 1 1 1 1 1 0 1 1 0 11 1.18385
1 0 0 1 0 1 0 0 0 0 12 -0.268047
0 0 1 1 1 1 1 1 1 1 13 0.633757
0 0 0 1 0 0 1 0 0 0 14 -2.55245
0 0 1 0 0 0 0 0 0 0 15 -2.25132
0 0 0 0 0 0 1 0 1 1 16 -0.350953
0 0 0 0 0 0 1 0 1 0 17 -1.34904
0 0 1 1 0 1 1 1 0 1 18 0.744088
0 0 0 0 1 0 0 0 1 0 19 -1.38821
0 1 1 1 0 1 1 0 1 1 20 1.07187
0 0 1 0 0 0 0 0 1 1 21 -0.275348
0 0 0 0 1 0 0 0 0 0 22 -1.06007
0 0 0 1 1 0 0 1 0 0 23 -2.18743
1 0 1 1 0 0 0 1 1 1 24 0.0747617
0 1 0 0 0 1 1 0 0 0 25 -1.36482
0 0 1 1 1 1 1 0 1 1 26 0.943589
1 0 1 1 1 0 1 0 1 1 27 0.907271
1 1 1 1 1 1 1 0 1 1 28 1.32967
0 1 0 0 1 1 1 0 0 0 29 -1.29849
0 0 0 0 1 1 1 0 0 1 30 -0.751048
0 0 1 1 1 1 1 1 1 1 31 -0.894227
1 1 1 1 1 1 1 1 0 1 32 2.10913
0 1 0 1 1 0 1 0 0 0 33 -1.51971
0 1 0 0 0 0 1 0 1 0 34 -1.41763
0 0 1 0 0 1 1 1 1 1 35 -0.387109
1 0 0 1 1 0 0 1 1 0 36 0.418145
0 1 1 1 1 1 1 1 1 1 37 1.39981
1 0 1 0 1 1 1 1 1 0 38 1.22122
0 0 1 0 0 0 0 0 0 1 39 -0.813818
1 1 1 1 1 0 0 0 0 0 40 1.2016
0 0 0 0 0 1 0 0 0 1 41 -0.977618
0 1 0 0 0 0 0 0 0 0 42 -1.28601
0 0 1 0 1 0 0 0 1 1 43 -0.296233
1 0 0 1 0 1 0 0 1 1 44 0.398148
0 0 1 0 1 0 0 0 0 0 45 -1.95319
0 0 1 1 1 1 1 1 1 1 46 0.788471
0 1 1 1 1 1 1 1 1 1 47 2.11769
0 0 0 0 0 0 0 0 0 0 48 -1.13877
0 0 1 1 0 0 1 0 1 0 49 0.0968804
1 0 0 1 1 1 1 1 1 1 50 0.759685
1 1 0 0 0 1 0 0 0 1 51 -0.0611719
1 0 1 1 1 1 1 1 1 1 52 2.02386
1 0 0 0 0 0 0 0 0 0 53 -2.25099
1 0 1 1 0 1 0 0 0 0 54 -0.1068
0 1 1 1 0 1 1 0 0 1 55 -0.148859
1 1 1 1 1 1 0 1 1 0 56 0.69227
0 0 1 1 1 1 0 1 1 0 57 0.36473
1 0 1 0 0 0 1 1 0 0 58 0.543656
0 0 1 1 0 1 0 0 1 0 59 0.172612
0 1 0 0 1 0 1 0 1 1 60 -1.02343
0 1 1 1 1 1 1 0 1 0 61 -0.168309
1 1 1 0 1 1 0 0 0 1 62 1.16131
1 0 1 1 0 1 1 0 1 1 63 0.553974
0 0 1 1 0 0 1 0 1 1 64 0.0749106
1 0 1 0 1 0 0 0 1 0 65 -0.435386
1 1 1 1 1 1 1 1 1 1 66 2.18345
0 0 1 0 0 1 0 0 1 0 67 -1.67783
0 0 1 0 0 0 0 0 0 0 68 -1.14214
0 0 1 1 0 1 0 0 1 1 69 -0.0624625
0 0 1 1 0 0 0 0 0 0 70 -1.02735
0 0 0 0 0 0 0 0 0 0 71 -3.71052
0 1 1 0 1 0 0 0 1 0 72 -0.272415
0 1 0 1 0 0 0 0 0 0 73 -1.5015
0 0 0 1 0 1 0 1 0 0 74 -0.238714
0 0 0 0 1 0 0 0 0 0 75 -3.29415
1 0 1 0 1 0 0 1 1 1 76 0.997269
1 1 1 1 1 1 0 1 1 1 77 0.226575
1 1 0 1 0 0 0 0 0 0 78 -0.330405
1 1 1 1 1 1 1 1 1 1 79 2.25209
0 0 1 0 0 1 1 1 1 0 80 0.782024
1 1 0 1 1 1 1 1 1 1 81 1.41654
0 0 0 0 1 0 0 0 1 0 82 -2.34638
1 1 1 0 1 1 1 1 1 1 83 1.65015
0 0 1 1 1 1 1 1 1 0 84 0.90194
0 0 0 0 0 0 0 0 0 0 85 -1.3188
0 0 1 0 0 0 1 0 1 0 86 -0.786244
0 1 1 0 0 0 0 0 0 1 87 -2.72827
1 0 0 0 0 1 1 0 1 1 88 -0.188109
0 0 0 0 0 1 0 0 0 0 89 -0.928847
0 0 1 1 0 0 0 1 0 0 90 -1.1126
0 0 1 1 0 0 1 0 0 1 91 -2.01684
0 0 0 1 0 0 0 0 1 0 92 -0.998466
0 0 1 1 0 0 0 0 1 0 93 -0.673235
0 0 0 0 0 1 0 0 1 1 94 -0.375054
0 0 0 0 1 1 1 1 0 1 95 -0.343458
0 0 1 1 0 1 1 0 1 1 96 0.3704
0 1 1 1 1 1 1 1 1 1 97 1.47947
0 0 1 0 0 0 0 0 0 0 98 -1.87253
0 1 0 0 1 1 0 0 1 1 99 0.839224
0 1 1 0 0 0 1 0 1 0 100 -0.715724
0 1 0 0 0 0 0 0 1 0 101 -1.74449
0 0 1 1 0 0 0 0 1 1 102 -0.207405
0 0 0 1 0 1 0 0 0 0 103 -0.606644
0 0 1 1 0 1 0 1 0 0 104 -0.643889
0 0 1 0 1 1 0 0 0 0 105 -1.54656
1 1 1 1 0 0 1 1 0 1 106 2.43106
1 0 0 1 1 0 1 0 1 1 107 0.211494
0 0 1 0 0 0 0 0 0 0 108 -0.727296
0 0 0 1 1 0 0 0 0 0 109 -1.19336
1 0 0 0 1 0 0 1 1 1 110 0.413126
1 1 1 1 1 1 1 1 1 0 111 1.94414
1 0 0 1 0 0 0 0 1 1 112 -0.092008
0 1 0 0 1 0 0 0 0 0 113 -0.710523
0 1 1 1 1 0 0 0 1 0 114 -0.623255
0 0 1 0 0 0 0 0 0 0 115 -1.09204
0 0 0 0 0 0 1 0 0 1 116 -2.44901
0 0 0 1 1 0 1 0 0 0 117 -0.273102
0 1 0 1 1 0 1 0 0 0 118 -0.520901
0 1 1 1 0 0 0 0 0 0 119 -0.714838
0 0 0 1 0 0 0 0 0 1 120 -1.67087
0 1 1 1 1 1 0 1 0 0 121 0.526214
0 0 1 0 0 0 0 0 0 0 122 -0.880287
0 0 1 1 1 1 1 1 1 1 123 0.503972
1 1 1 1 1 1 1 1 1 1 124 1.22745
0 0 1 0 1 1 1 0 0 0 125 -1.15276
1 1 1 1 1 1 1 1 1 1 126 2.82431
0 0 0 0 1 0 0 0 0 1 127 -0.985183
1 1 1 1 1 1 1 1 1 1 128 1.49744
0 0 1 0 1 0 0 0 0 0 129 -2.38175
0 0 0 0 0 0 0 1 0 1 130 -2.0002
0 1 0 0 0 0 0 0 1 0 131 -0.463453
0 0 0 0 1 1 0 0 1 1 132 0.0333111
0 0 1 1 0 0 0 0 1 0 133 -0.068382
1 0 1 0 1 0 0 0 0 1 134 -1.38901
0 0 1 1 0 0 1 0 1 0 135 -0.962845
0 0 0 1 0 0 1 0 0 0 136 -0.873496
0 0 0 0 0 0 1 0 0 0 137 -2.00581
0 0 0 1 0 0 0 0 1 0 138 -0.485258
1 0 1 1 1 1 0 0 1 0 139 0.303689
0 1 1 1 1 0 0 1 1 1 140 0.424163
0 0 0 0 0 0 0 1 0 0 141 -1.54767
1 0 1 1 0 0 0 1 1 0 142 0.0865405
1 1 1 1 1 1 1 1 1 1 143 1.70934
1 1 1 1 1 1 0 0 1 0 144 0.741519
0 0 1 1 0 1 1 0 1 1 145 -0.579146
0 0 0 0 0 0 0 0 1 0 146 -0.298937
0 0 0 1 0 0 0 0 0 0 147 -1.84575
0 1 0 1 0 1 1 1 1 1 148 -0.503675
0 1 1 1 1 1 1 1 1 1 149 -0.0548533
1 0 1 0 0 0 1 0 1 1 150 -0.993625
0 0 0 0 0 0 0 0 0 1 151 -1.36259
0 1 1 1 0 0 0 0 0 1 152 -0.0626283
1 1 1 1 1 1 1 1 1 1 153 1.63488
0 0 0 0 0 0 0 0 0 0 154 -0.643279
0 0 0 0 1 1 0 0 0 0 155 -2.39141
0 1 1 1 0 1 0 0 1 0 156 -0.352053
0 0 0 0 0 0 1 0 0 1 157 -0.98077
1 0 1 1 1 1 1 1 0 1 158 2.60217
0 0 1 0 1 0 0 0 1 1 159 -0.779384
0 1 0 0 0 0 0 0 0 0 160 -0.788713
0 0 1 0 1 1 0 1 0 1 161 -0.00984277
0 0 1 0 1 1 1 0 0 1 162 -0.521353
0 1 1 1 0 0 0 0 0 1 163 -0.5987
1 0 1 1 0 1 1 0 1 0 164 0.389405
0 0 0 0 0 1 1 0 1 1 165 -0.531876
0 1 0 1 0 1 0 0 0 0 166 -1.10917
1 1 1 1 1 1 1 1 1 1 167 1.10173
1 1 1 1 0 1 1 0 1 1 168 0.225041
0 1 1 1 0 1 1 0 1 0 169 0.219713
0 0 1 1 0 0 1 0 0 1 170 -0.286088
0 0 1 0 1 0 1 1 0 0 171 -0.335862
0 0 0 0 1 0 1 0 0 0 172 -1.56815
0 0 0 1 0 0 0 0 0 0 173 -2.03347
0 0 1 1 1 0 1 1 0 1 174 -1.57712
1 1 1 1 1 1 1 1 1 1 175 2.27057
0 0 0 1 0 1 1 0 1 0 176 0.841281
1 1 1 1 1 1 1 1 1 1 177 2.8093
0 0 1 0 0 0 0 0 0 1 178 -0.365901
1 1 1 1 1 1 1 1 1 1 179 2.38845
0 1 0 0 0 1 0 1 1 1 180 0.18481
0 0 1 1 0 1 0 0 0 0 181 -0.0874793
1 1 1 1 0 1 1 0 0 0 182 -0.354513
0 0 0 0 0 0 1 0 1 0 183 -2.32562
1 0 1 0 1 1 0 1 1 1 184 0.68816
0 1 1 1 0 1 1 1 0 0 185 0.360075
0 1 1 1 1 1 0 1 1 1 186 1.76913
1 0 0 1 0 0 0 1 0 0 187 -0.0308715
0 0 0 1 0 0 0 0 0 1 188 -2.15877
0 1 0 1 0 0 0 0 1 1 189 -0.297134
0 1 1 1 0 0 0 0 0 0 190 -0.817475
0 1 1 1 0 1 1 1 0 0 191 0.315947
1 0 1 1 0 1 0 0 1 0 192 -0.201113
1 1 1 1 0 0 1 1 1 0 193 0.927884
0 0 0 0 0 1 1 0 1 1 194 -0.485522
0 1 1 1 1 0 0 0 1 1 195 0.851549
0 0 1 0 0 0 1 0 0 0 196 -1.60019
0 0 1 0 0 0 0 1 1 0 197 -0.843139
1 1 1 1 1 1 1 1 1 1 198 3.73012
0 0 1 0 1 0 0 1 0 0 199 -0.830495
1 0 0 1 0 0 1 0 0 0 200 -1.05321
0 0 1 1 0 1 1 0 1 0 201 -0.749724
1 0 1 0 1 1 1 0 0 1 202 0.195912
0 0 0 0 1 0 0 1 0 0 203 -1.38551
0 0 1 0 0 0 1 0 1 1 204 -0.177715
0 0 1 0 0 0 0 0 1 0 205 -0.562923
0 0 0 1 0 0 0 0 1 1 206 -0.384871
1 1 1 1 1 1 1 1 1 0 207 1.47987
0 0 0 0 0 0 0 0 0 1 208 -1.66903
0 0 1 0 0 0 0 0 0 1 209 -0.491602
0 0 1 1 0 0 0 0 0 1 210 -0.839861
0 0 1 0 0 0 1 0 1 0 211 -1.18128
1 1 1 1 1 1 1 1 1 1 212 1.64881
0 0 1 0 1 0 0 1 1 0 213 -0.280092
1 1 1 0 0 0 0 1 1 1 214 0.215886
0 0 1 1 0 0 1 1 0 0 215 -0.770457
1 1 1 1 1 1 1 1 1 1 216 1.81659
1 1 1 1 1 1 1 1 1 1 217 0.772539
1 1 1 1 1 1 1 1 1 1 218 1.24636
0 1 1 0 1 0 0 0 0 1 219 -0.629265
0 0 0 0 0 0 0 1 0 0 220 -0.990912
1 1 1 1 1 1 1 1 1 0 221 1.88265
0 0 1 1 0 1 0 0 0 0 222 -1.20071
0 1 1 0 1 0 0 0 1 0 223 -1.15118
0 1 1 1 1 1 1 1 1 1 224 0.691154
0 0 0 0 0 1 1 0 0 1 225 -1.60657
0 0 0 1 1 1 1 1 1 1 226 0.460582
0 1 1 1 0 1 0 0 0 1 227 0.41827
1 0 1 1 0 0 1 1 1 1 228 0.966695
0 0 1 1 1 1 0 1 1 1 229 1.0151
0 1 1 0 0 0 0 0 0 0 230 -1.58917
0 1 1 0 0 0 0 0 1 1 231 -1.56768
0 1 0 1 0 0 0 0 0 0 232 -0.322113
1 1 1 1 1 1 1 1 0 1 233 3.4656
0 1 1 1 0 0 0 0 0 1 234 -0.154537
1 1 0 1 1 0 0 1 1 1 235 0.0635823
1 0 1 1 0 1 1 1 1 1 236 1.25309
0 0 0 1 0 0 0 0 0 0 237 -1.06204
1 0 1 0 1 1 1 0 1 0 238 0.0148281
0 0 0 1 0 1 1 0 1 1 239 0.552202
1 1 0 1 1 1 1 1 1 1 240 2.97847
1 1 0 0 0 0 0 0 0 0 241 -0.882143
0 0 1 1 0 1 0 1 0 0 242 -1.04302
0 1 0 0 0 0 1 1 0 0 243 -0.951958
1 1 1 1 1 1 1 1 1 1 244 1.22321
0 0 0 1 0 0 1 0 1 0 245 0.0174091
1 1 1 1 1 1 0 0 1 0 246 0.996657
0 0 1 0 1 0 0 0 1 1 247 -0.22993
0 1 0 0 1 0 1 1 0 0 248 -1.7072
0 1 1 1 1 0 1 1 1 1 249 1.06432
0 1 0 0 0 1 0 0 0 1 250 -0.459339
1 1 1 1 1 0 1 1 1 1 251 1.27822
0 0 0 0 0 1 0 0 0 1 252 -0.659157
0 1 0 1 0 1 0 0 1 0 253 -1.42741
0 1 0 0 0 1 0 0 0 0 254 -0.176387
0 0 1 1 0 1 0 0 0 0 255 -0.610918
0 0 0 0 1 0 0 1 0 0 256 -2.30869
0 0 1 0 0 0 0 0 1 0 257 -0.446659
0 0 1 1 0 0 0 0 0 0 258 -0.736909
0 0 0 1 1 0 0 0 0 0 259 -2.70739
0 0 0 0 0 0 1 0 0 1 260 -1.90292
0 1 0 0 0 0 0 0 0 0 261 -1.39039
1 0 0 0 0 0 0 0 0 0 262 -0.842526
0 0 0 1 0 0 0 0 0 0 263 -1.84674
1 1 1 1 1 1 1 1 1 1 264 1.8353
1 1 1 1 0 1 1 1 1 1 265 0.803095
0 1 1 1 1 1 1 1 1 1 266 1.20151
0 1 0 0 0 0 0 0 0 1 267 -0.521704
1 1 0 1 0 0 1 0 1 0 268 0.112174
0 1 1 1 0 0 1 1 0 1 269 -0.688887
1 0 1 0 1 0 0 0 1 0 270 0.650468
0 0 0 0 1 0 0 0 0 0 271 -0.82328
0 0 0 1 0 1 0 0 0 1 272 0.0255569
0 0 1 1 1 1 0 0 0 0 273 -0.360817
0 0 0 0 0 0 1 0 1 0 274 -1.14256
0 0 1 1 0 0 1 0 1 0 275 0.578843
0 0 0 1 0 1 1 0 1 0 276 -0.264532
0 1 0 0 0 0 0 0 0 0 277 -1.78618
0 1 0 1 1 1 1 1 1 1 278 1.19208
0 0 0 0 0 0 0 0 1 0 279 -0.67415
1 1 1 1 1 1 1 0 1 1 280 0.666036
0 0 0 0 0 1 1 0 0 0 281 -1.99851
0 1 1 1 0 1 1 0 0 0 282 0.407964
0 1 0 0 0 0 1 0 1 1 283 0.0192358
0 1 1 1 0 0 0 1 1 1 284 -0.0701492
0 0 1 0 0 0 0 0 1 0 285 -0.562429
0 0 0 0 0 0 0 0 0 1 286 -2.87911
0 1 0 1 1 1 0 1 0 1 287 0.232414
0 1 0 0 0 1 0 0 1 1 288 -0.489283
0 1 0 0 1 0 1 0 0 1 289 -0.812931
1 0 1 1 1 1 0 0 1 1 290 -0.169205
0 0 1 0 0 1 0 1 1 1 291 -0.823507
0 0 1 0 0 1 0 0 0 0 292 -2.31732
1 0 0 1 0 1 0 0 0 0 293 -1.21409
0 0 0 1 0 1 0 1 0 1 294 0.46628
0 1 0 0 0 0 0 0 1 0 295 -2.4004
0 0 1 0 0 0 0 0 0 0 296 -1.2323
1 1 1 1 1 1 1 1 1 1 297 2.46691
1 0 1 1 1 0 1 0 0 1 298 -0.0847594
1 0 1 0 0 0 1 0 1 0 299 -1.30745
1 0 0 0 1 0 1 0 0 1 300 -0.0798753
1 1 0 1 1 1 1 1 1 1 301 1.54126
0 1 0 1 0 1 0 0 0 0 302 -1.41528
0 1 1 0 0 1 1 0 1 1 303 0.698279
1 1 0 1 1 0 0 1 1 1 304 0.819769
0 0 1 0 1 1 1 0 1 1 305 0.0138985
1 1 1 1 1 1 1 1 1 1 306 1.60231
1 1 1 1 1 1 1 1 1 1 307 1.23445
1 1 1 1 1 1 1 1 0 1 308 1.16092
0 0 1 0 0 0 0 0 0 1 309 -0.501451
1 1 0 0 1 1 1 0 0 0 310 0.344429
0 0 1 1 0 0 0 0 1 0 311 -0.084836
0 0 1 0 0 0 0 0 1 0 312 -0.438983
0 1 1 0 0 0 0 0 1 0 313 -0.662234
0 0 1 1 1 0 1 1 1 1 314 0.595709
0 0 0 0 0 1 1 0 0 0 315 -0.621009
1 0 1 1 0 1 1 1 1 1 316 0.607157
0 1 1 0 1 1 1 0 1 1 317 0.938454
0 0 0 0 0 0 1 0 1 1 318 -0.477312
0 0 0 1 0 0 0 0 1 1 319 -0.177314
0 1 0 0 0 0 0 0 1 1 320 -1.10681
0 1 1 1 1 1 1 1 1 0 321 1.03193
1 0 1 0 0 0 1 0 1 1 322 -0.540496
0 0 1 1 1 0 1 1 0 1 323 0.282262
0 0 1 1 1 1 1 0 0 1 324 -1.20712
0 1 0 0 0 0 1 0 0 1 325 -0.240231
0 1 1 0 0 0 0 0 0 0 326 -0.867455
1 0 0 1 0 1 0 0 1 1 327 0.1002
0 0 1 1 0 1 0 1 1 0 328 -0.852445
0 1 1 0 0 1 0 0 1 1 329 0.352119
1 1 1 1 1 1 1 1 1 1 330 1.13822
1 1 1 1 1 1 0 0 1 0 331 0.958976
1 0 1 0 1 0 1 1 1 1 332 -0.153706
0 1 0 1 1 1 1 1 1 1 333 0.587357
0 0 0 0 0 0 0 0 0 0 334 -3.10413
1 1 1 1 1 1 1 1 1 1 335 1.31442
0 0 1 0 0 0 0 1 0 0 336 -0.384692
1 1 0 1 1 1 1 1 1 1 337 1.01604
0 0 0 1 0 0 0 1 1 0 338 -0.350181
0 0 0 1 0 0 1 0 1 1 339 -1.06311
1 0 0 1 1 1 1 1 1 1 340 0.206153
1 1 1 1 1 1 1 1 1 0 341 1.77457
0 1 1 1 1 1 0 1 1 1 342 1.68205
0 1 1 0 0 0 0 0 1 0 343 0.1344
1 1 1 0 1 1 0 1 1 1 344 0.662055
0 1 1 1 1 1 1 1 1 1 345 0.96156
1 0 0 1 1 1 1 1 0 1 346 0.742194
0 0 0 1 0 1 0 0 0 1 347 -1.51976
1 0 1 1 1 0 1 0 0 1 348 -0.217266
1 1 1 1 1 1 0 1 1 1 349 2.38388
0 1 0 1 1 1 1 1 0 0 350 1.66046
0 0 0 1 1 0 0 0 1 0 351 -1.21614
0 1 0 1 1 0 1 1 1 0 352 0.204015
0 0 1 0 0 0 0 0 1 0 353 -0.830295
0 0 1 1 1 1 1 1 1 0 354 0.342742
1 1 1 1 1 1 1 1 1 1 355 1.11185
1 1 1 1 1 1 1 1 1 1 356 2.04342
0 0 0 0 0 1 0 0 1 1 357 -2.05914
1 1 0 1 1 1 0 0 1 1 358 0.609452
0 1 1 1 1 0 1 0 1 0 359 -0.101462
0 0 1 0 0 0 0 0 1 1 360 -0.760857
1 1 1 1 1 1 0 0 1 0 361 0.954842
1 0 1 1 1 0 0 1 1 0 362 -0.890115
0 0 1 0 1 1 1 0 0 1 363 -1.09362
1 0 1 1 1 0 0 1 0 1 364 0.288548
1 1 1 1 1 1 1 1 1 1 365 2.06255
0 0 0 1 0 0 0 0 1 1 366 -2.29042
0 0 0 1 0 1 1 0 1 1 367 0.647238
0 0 0 1 0 0 1 0 1 1 368 -0.632533
0 0 0 0 0 1 0 1 0 1 369 0.0525239
0 0 1 1 0 0 0 0 1 0 370 -0.296965
0 0 0 0 0 0 0 0 0 0 371 -0.946761
1 1 1 1 1 1 1 1 1 1 372 0.917558
0 0 1 1 1 0 0 0 0 1 373 -1.02834
0 1 0 1 0 0 1 0 1 0 374 -0.526325
1 0 0 0 1 1 0 0 1 1 375 0.359929
0 1 1 1 1 1 1 1 1 1 376 1.62448
0 1 0 0 1 0 0 0 1 0 377 0.362321
1 1 1 1 0 0 1 1 1 1 378 -0.116211
1 0 1 1 0 1 0 0 1 0 379 0.272273
0 1 1 1 1 1 1 1 1 1 380 1.07392
0 0 1 1 0 0 0 0 1 0 381 -0.826179
0 0 1 0 0 0 0 1 0 0 382 -0.655536
0 1 1 1 0 0 0 0 1 1 383 -0.0937199
0 0 1 0 0 1 1 0 1 1 384 0.304036
0 0 0 0 1 1 0 0 1 1 385 0.382133
1 0 0 0 0 0 0 0 0 0 386 -1.16901
1 0 0 1 0 0 1 0 1 1 387 -0.445125
1 0 1 0 1 1 0 0 1 1 388 -0.584782
0 0 1 0 0 1 0 0 1 0 389 -1.6986
0 0 1 1 1 0 0 0 0 1 390 0.00315033
0 0 1 0 0 0 0 0 0 0 391 -0.508234
0 1 0 0 0 0 0 1 1 1 392 -0.380972
0 1 0 1 1 1 1 0 0 1 393 -0.275181
0 1 0 1 0 0 0 0 0 0 394 -1.26824
0 1 0 1 0 1 1 0 0 0 395 -0.0569481
0 1 0 0 0 0 0 0 1 0 396 -0.66968
1 0 0 0 1 1 0 0 1 1 397 0.123523
1 0 1 1 1 1 1 0 1 1 398 1.16424
0 0 1 0 0 0 1 0 1 1 399 -0.939911
1 1 1 1 1 1 1 0 1 0 400 0.352934
0 1 1 1 1 1 0 0 1 1 401 1.49438
0 1 1 0 0 1 0 1 1 0 402 -0.126835
1 1 1 1 1 1 1 0 1 1 403 0.716537
0 1 1 1 0 1 1 1 1 1 404 -0.191162
1 1 0 0 0 0 1 1 1 0 405 -0.522101
0 1 1 1 1 0 1 1 1 1 406 0.374358
0 1 0 1 0 0 1 0 0 1 407 -0.926168
0 0 1 0 0 0 1 0 0 0 408 -3.28453
1 1 1 1 1 0 1 0 0 1 409 0.531142
0 1 0 0 1 0 1 1 1 1 410 0.127617
0 1 1 1 1 1 1 1 1 1 411 1.49186
1 1 0 0 0 0 0 0 0 0 412 -0.28076
0 0 1 1 1 0 0 0 1 1 413 0.346098
1 1 1 1 1 1 1 1 1 1 414 2.08842
0 0 1 1 0 1 1 0 1 1 415 -0.197827
0 1 1 0 0 1 1 0 0 0 416 -3.45639
0 0 0 0 1 0 0 0 0 0 417 -1.0526
1 1 0 1 1 1 1 1 1 1 418 1.35068
1 0 1 1 0 1 0 1 0 1 419 0.648655
0 1 0 1 0 0 1 0 1 0 420 -0.604354
0 0 1 1 0 1 1 1 1 0 421 1.0821
0 1 0 1 1 0 0 1 0 0 422 -0.885528
0 1 1 1 0 0 0 0 0 1 423 -0.821998
0 0 0 1 0 0 0 0 0 0 424 -1.76839
1 1 1 1 1 1 1 1 1 1 425 1.98864
0 0 0 0 0 0 0 0 0 1 426 -2.38006
0 0 0 0 0 0 0 0 0 0 427 -1.5805
0 0 1 1 0 0 0 1 1 1 428 -0.883139
0 0 0 1 0 1 0 0 1 0 429 -0.225791
1 1 1 1 1 1 0 1 1 1 430 -0.262709
1 1 1 1 1 1 1 1 1 0 431 1.92156
1 1 1 1 1 1 1 0 1 1 432 0.825066
1 1 1 1 0 1 0 1 0 1 433 0.930656
0 0 1 0 1 1 1 0 1 1 434 -0.135537
1 1 1 1 1 1 1 1 1 1 435 3.95273
0 0 0 0 1 0 0 0 0 0 436 -2.68552
1 0 0 0 0 1 1 1 1 0 437 0.431318
1 0 1 0 0 1 1 0 0 0 438 -1.47895
0 0 0 1 1 0 1 1 1 1 439 -0.710598
0 0 1 0 0 1 0 0 1 0 440 -1.05162
0 1 1 0 1 0 1 1 1 0 441 0.600566
0 1 0 0 0 0 1 0 0 1 442 -0.0872049
0 1 1 0 0 0 1 0 1 1 443 -0.269198
0 1 1 0 1 1 0 1 1 1 444 0.706072
0 0 0 1 0 0 1 0 1 1 445 0.254812
0 1 1 1 0 0 1 0 0 0 446 -0.557177
0 1 1 1 0 0 1 1 0 1 447 0.0868144
0 1 0 0 0 0 1 0 0 0 448 -1.75759
1 0 1 1 0 0 0 0 1 1 449 0.00745613
1 1 1 1 1 1 1 1 1 1 450 2.02762
0 1 1 1 1 1 1 0 1 1 451 0.729464
1 0 1 1 1 1 1 1 1 1 452 0.824859
0 1 1 0 0 0 0 1 0 1 453 -1.16035
0 0 0 0 0 0 1 0 1 0 454 0.135373
1 0 1 1 1 1 1 1 1 1 455 2.57071
0 1 1 0 1 0 0 0 0 0 456 -1.32306
0 1 1 1 1 1 1 1 1 1 457 1.63318
0 1 1 0 0 0 0 0 1 1 458 -0.942105
0 0 0 1 0 1 1 0 1 1 459 0.139023
1 1 1 1 1 1 1 1 1 1 460 2.58156
1 1 1 1 1 1 1 1 1 1 461 0.677241
1 1 0 1 0 0 1 0 1 0 462 0.487826
1 0 1 1 1 1 1 1 1 1 463 1.3806
1 0 1 0 0 0 1 0 1 0 464 0.143544
0 0 1 0 1 1 0 0 0 1 465 -1.2749
1 1 1 1 1 1 1 1 1 1 466 2.53668
0 1 1 0 1 1 1 1 0 1 467 1.57041
0 0 0 1 1 1 1 0 0 0 468 0.202292
0 1 1 0 1 1 1 1 1 1 469 0.920326
1 1 1 1 1 1 1 1 1 1 470 0.707853
1 1 1 0 1 0 0 1 0 1 471 0.232727
1 1 1 0 1 0 0 0 0 1 472 -0.576152
1 0 0 0 0 0 0 0 1 1 473 0.148315
0 1 0 0 0 0 0 0 1 0 474 -2.07664
0 1 1 1 0 1 1 1 1 0 475 -0.197056
0 1 0 1 0 1 1 0 1 0 476 -0.395609
0 1 0 1 0 1 1 1 1 1 477 -0.13993
0 0 0 0 0 0 0 1 0 0 478 -2.29553
0 0 1 1 1 0 0 0 0 0 479 -0.690439
1 0 1 1 0 0 1 0 0 1 480 0.339099
1 1 1 0 1 0 1 1 1 0 481 1.33708
0 0 1 1 0 0 1 0 0 1 482 -0.910425
0 1 1 0 1 1 0 1 1 1 483 0.834294
0 0 1 0 0 0 0 0 0 0 484 -1.76515
0 0 1 1 0 0 1 0 0 1 485 -0.535233
1 1 0 1 1 0 1 1 1 1 486 0.962572
0 0 1 1 0 0 0 1 1 0 487 -0.62588
1 0 1 0 1 0 1 0 0 0 488 -0.223304
0 0 1 1 0 0 0 0 0 0 489 -1.33192
0 1 1 0 1 0 0 0 0 0 490 -1.08982
0 0 0 1 0 0 0 0 0 0 491 -0.727439
0 1 1 1 1 1 1 0 1 0 492 0.619877
0 1 1 1 1 1 0 0 1 0 493 0.720374
0 0 0 1 0 0 0 1 0 0 494 -1.5281
0 0 1 1 0 1 1 0 1 1 495 -0.811366
0 0 1 0 1 1 1 1 1 0 496 1.03994
0 1 1 1 0 1 1 0 0 0 497 0.286156
1 1 1 1 0 0 0 0 0 1 498 -0.774725
0 0 1 1 0 0 0 1 1 0 499 -0.339673
1 0 1 1 1 1 0 0 1 0 500 0.0473063
0 1 0 0 0 0 1 0 0 1 501 -1.04648
1 1 1 1 1 1 1 1 1 1 502 2.12296
1 1 1 1 1 1 1 0 1 0 503 1.03739
1 0 1 1 1 1 0 0 0 1 504 -0.0184667
0 0 1 1 0 0 0 1 1 0 505 -0.344237
1 1 1 1 0 1 0 1 1 0 506 0.00955024
0 1 0 0 0 0 1 0 1 1 507 0.736631
0 0 0 0 0 0 1 0 1 1 508 -1.30279
1 1 1 1 1 1 1 1 1 1 509 2.92552
0 1 1 1 0 0 0 0 0 1 510 -0.227704
0 0 1 0 0 0 1 0 0 0 511 -1.09109
0 0 1 1 0 1 0 1 1 1 512 0.199188
0 1 1 0 1 0 0 0 1 0 513 0.238512
1 1 1 1 1 1 1 1 1 1 514 1.59762
0 1 0 0 0 0 0 0 1 1 515 -0.455619
0 0 0 0 0 0 0 0 0 0 516 -2.67772
0 1 1 1 0 0 0 0 0 0 517 -0.574449
1 1 1 1 1 1 1 1 1 1 518 1.05036
0 0 0 1 0 1 0 0 0 0 519 -0.544786
0 0 0 1 0 1 0 1 1 0 520 -0.00327338
1 1 1 1 1 1 1 1 1 1 521 2.75995
0 0 0 0 1 0 0 0 1 0 522 -1.37707
0 1 0 0 0 1 0 0 1 1 523 0.222044
1 0 1 1 1 1 0 0 1 1 524 1.27886
0 1 0 1 0 0 0 1 0 0 525 -0.679607
1 1 1 0 0 1 0 1 1 0 526 0.627197
0 0 1 0 0 1 0 0 1 0 527 -1.62226
0 0 0 0 0 0 0 0 0 1 528 -2.5868
0 0 0 1 1 0 0 0 1 0 529 -0.94616
0 1 0 0 0 1 0 0 0 0 530 -0.512392
0 0 1 1 1 0 1 0 1 1 531 0.579019
0 0 0 0 0 0 0 1 1 0 532 -0.941425
0 1 0 1 0 1 1 0 0 0 533 -0.663377
0 1 0 0 0 0 0 1 0 0 534 -1.17613
1 0 1 0 0 1 1 0 1 1 535 0.601819
0 1 0 1 0 0 1 1 0 0 536 -3.24319
0 0 1 0 1 1 0 1 0 1 537 -0.342063
0 0 0 0 0 0 1 0 0 0 538 -1.71935
0 0 1 0 0 1 0 0 1 1 539 -0.923382
0 0 0 0 0 0 0 0 1 0 540 -1.04078
1 1 0 1 1 1 1 1 1 1 541 1.82436
0 0 1 0 1 0 0 0 1 0 542 -0.204648
1 0 1 1 0 1 1 1 1 1 543 0.959219
1 1 1 1 1 1 1 1 1 0 544 1.5464
0 0 1 1 0 0 1 0 0 0 545 -1.33602
1 1 1 1 1 1 1 1 1 1 546 2.42843
1 0 1 1 1 1 1 1 1 1 547 1.10954
0 1 0 0 0 1 0 0 0 0 548 -0.23812
1 1 1 1 1 1 1 1 1 1 549 1.00561
1 0 0 0 0 0 1 0 1 0 550 -0.570621
1 1 1 1 1 1 1 1 1 1 551 1.74535
1 0 1 1 1 1 1 1 1 0 552 0.262725
1 1 0 1 0 1 0 0 0 1 553 0.489739
0 0 1 0 0 0 1 1 0 0 554 0.313698
1 0 0 1 0 0 0 0 1 0 555 -0.745624
0 0 0 0 0 1 0 0 0 0 556 -2.3923
0 0 1 1 1 1 0 0 1 0 557 0.118418
0 0 1 0 0 0 1 0 0 0 558 -1.43384
0 1 0 1 0 1 1 0 0 1 559 -0.742226
1 1 1 0 1 1 0 1 1 1 560 1.00604
1 1 1 1 1 1 1 1 1 1 561 1.34395
1 1 1 1 1 1 0 1 1 1 562 1.02509
1 0 1 0 0 0 0 0 1 0 563 -0.524758
1 1 0 1 1 1 1 0 0 1 564 1.27002
1 1 1 1 0 1 0 1 1 1 565 0.687883
0 0 0 0 1 0 0 0 0 0 566 -0.905003
1 0 0 0 0 1 1 0 0 0 567 -1.83706
1 1 1 1 1 1 1 0 1 1 568 2.28477
0 0 1 0 0 0 0 0 0 0 569 -1.17194
0 1 1 0 0 1 1 1 0 0 570 0.138707
0 0 0 0 0 1 0 0 0 0 571 -2.81728
0 0 1 0 0 0 0 1 0 1 572 -0.0671527
1 1 1 1 1 1 1 0 1 1 573 1.24203
0 1 0 0 0 0 1 1 0 0 574 -1.74265
0 0 1 0 0 1 0 0 1 0 575 -1.14202
0 1 1 0 0 0 0 0 1 0 576 -0.706309
0 1 0 0 0 0 1 0 1 0 577 -0.918569
1 1 1 1 1 1 1 1 1 1 578 2.02468
0 1 1 1 1 1 1 1 1 1 579 3.02614
0 0 0 0 0 0 0 0 0 1 580 -1.66152
0 0 1 0 0 0 1 0 1 0 581 -0.488911
0 1 1 0 1 0 0 0 1 0 582 -0.928788
0 0 1 1 0 1 0 0 1 1 583 -0.51265
1 0 1 1 1 1 1 0 1 0 584 1.31783
0 0 1 0 0 0 1 0 1 1 585 -0.738766
1 0 0 1 0 1 1 0 0 1 586 -1.63704
1 0 0 1 1 1 1 0 1 1 587 0.960523
0 0 0 1 0 0 0 1 0 0 588 -3.25564
0 0 0 0 0 0 0 0 1 0 589 -1.24445
0 1 1 1 0 1 0 0 0 1 590 -0.775408
1 0 0 0 1 1 0 1 0 1 591 0.290307
0 0 1 0 0 0 0 0 0 1 592 -0.889815
0 1 1 1 1 1 1 1 1 1 593 1.80274
0 1 1 1 1 0 0 0 1 1 594 0.234013
0 0 1 0 0 0 0 1 0 0 595 -2.33431
1 0 1 1 1 0 1 0 1 1 596 0.992144
0 1 1 0 0 0 0 0 0 0 597 -0.829339
0 1 1 0 0 0 1 0 0 1 598 -0.299518
1 1 1 0 0 1 1 1 1 0 599 -0.810332
0 1 0 1 0 0 0 1 1 0 600 -0.682506
0 0 1 0 1 0 1 1 1 1 601 -0.80772
0 0 0 1 0 0 1 1 1 1 602 -0.166153
1 0 1 1 1 1 0 1 1 1 603 0.856292
0 0 0 1 0 0 0 1 1 1 604 0.0990572
0 0 0 1 1 1 0 0 1 0 605 0.530017
0 0 0 0 1 0 1 0 0 1 606 -1.04197
0 1 0 1 1 0 0 1 0 1 607 -0.215672
0 0 0 0 0 1 1 0 0 0 608 -3.68341
1 1 1 1 1 1 1 1 1 1 609 2.47637
0 1 1 1 0 0 0 0 1 0 610 -0.675182
0 1 1 1 1 1 1 1 1 0 611 2.27866
0 1 1 1 1 1 1 1 1 1 612 1.19162
0 0 1 0 0 0 0 0 0 0 613 -1.34972
0 0 1 1 0 0 1 1 0 0 614 -2.28843
1 0 1 1 1 1 1 1 1 1 615 1.53398
0 0 0 0 0 1 0 0 0 0 616 -1.88672
0 0 1 0 0 0 1 1 1 1 617 0.0224057
0 0 1 1 0 0 0 0 0 1 618 -1.30542
1 0 1 1 0 1 0 1 1 1 619 0.502367
0 0 1 0 0 0 1 1 0 1 620 -0.339399
0 1 0 1 0 0 0 1 0 1 621 -2.12975
1 1 1 1 1 1 1 1 1 1 622 2.08844
1 1 1 1 1 1 0 1 1 1 623 1.49062
1 1 1 1 1 1 1 1 1 1 624 2.09336
1 1 1 1 1 0 1 1 1 1 625 2.1558
0 0 1 1 0 1 1 0 1 1 626 0.10671
1 1 1 1 1 1 1 1 1 1 627 2.25888
0 0 1 1 1 1 0 1 1 0 628 0.76035
1 1 1 1 1 1 1 1 1 1 629 2.59963
1 1 1 1 1 1 1 1 1 1 630 1.73599
1 0 0 1 0 0 0 0 0 0 631 -0.194792
1 1 1 1 0 0 0 0 1 0 632 -0.781369
0 0 0 0 1 0 0 0 0 0 633 -1.85157
0 0 1 0 0 0 0 0 0 1 634 -2.34504
0 1 1 1 1 0 1 1 1 0 635 -0.87082
1 1 0 0 0 0 0 0 0 0 636 -1.80622
0 0 1 1 1 0 1 0 0 0 637 -1.19454
0 0 0 0 1 0 0 0 0 0 638 -3.60283
0 0 1 0 0 0 1 0 0 0 639 -1.15539
0 0 0 0 0 0 0 0 0 0 640 -3.70207
1 1 1 1 1 1 1 1 1 1 641 1.43931
0 0 0 0 1 0 0 1 0 0 642 -2.69706
1 1 1 1 1 1 1 1 1 1 643 1.7196
1 0 1 1 0 1 0 1 0 0 644 -0.752591
1 0 0 0 0 1 1 0 1 0 645 -0.627903
0 0 0 0 0 0 0 0 0 0 646 -1.69711
1 0 1 1 1 1 1 1 1 1 647 1.3776
0 0 0 1 0 0 0 0 1 1 648 -1.02215
0 0 1 0 0 0 0 0 0 0 649 -0.824172
1 1 1 1 1 1 1 1 1 1 650 1.67593
0 1 0 0 0 0 0 0 0 0 651 -1.41438
0 0 1 1 0 0 0 0 1 0 652 -1.33055
1 1 1 1 0 1 1 1 1 1 653 1.24086
0 0 0 1 0 0 0 0 0 1 654 -0.751989
0 0 1 0 0 0 0 0 0 0 655 -1.58805
1 1 1 0 0 1 1 0 1 0 656 0.0971399
0 0 1 1 0 1 0 1 1 1 657 -0.67375
0 1 1 1 1 1 0 1 1 0 658 1.01752
1 1 0 1 0 0 1 1 1 1 659 -0.0854709
1 0 1 0 0 1 1 1 1 1 660 0.632077
1 1 1 1 1 1 0 1 1 1 661 2.05017
0 1 1 1 1 1 1 1 1 1 662 2.60449
0 1 0 0 0 0 0 0 1 0 663 -1.40504
1 0 1 1 1 0 0 0 0 0 664 0.0790754
1 1 1 1 1 1 0 1 1 1 665 0.674769
0 0 0 1 0 0 0 0 1 1 666 -0.960641
1 1 1 1 1 1 1 1 1 0 667 0.893869
0 0 1 0 0 0 0 0 1 0 668 -0.988994
1 0 1 0 0 1 0 1 1 1 669 0.569486
0 1 1 1 1 0 1 0 1 0 670 0.505515
1 1 1 1 1 1 1 1 1 1 671 1.05947
0 1 1 0 0 0 0 0 1 1 672 0.285198
0 0 1 0 0 0 0 0 0 0 673 -0.881605
0 0 1 1 1 1 1 1 1 1 674 1.23882
0 1 0 0 0 1 0 0 0 0 675 -1.22354
0 0 1 0 0 1 0 0 0 1 676 0.648283
0 0 0 1 0 0 0 1 1 0 677 -0.244281
0 0 1 0 0 0 0 0 0 0 678 -2.28051
0 1 0 0 0 1 1 0 0 1 679 0.0197459
0 0 1 1 0 1 0 0 0 0 680 0.394694
1 0 1 1 1 1 1 0 1 1 681 1.17649
0 1 1 1 0 1 1 0 1 0 682 0.0757561
0 1 1 1 1 1 1 1 1 1 683 2.03688
1 0 0 0 0 0 1 0 1 1 684 0.0962116
1 1 0 1 0 0 1 1 1 1 685 1.13423
0 0 1 1 1 1 1 1 1 0 686 0.460923
0 0 1 1 0 0 0 0 1 0 687 -0.845895
0 0 0 1 0 1 0 0 0 1 688 0.119515
1 1 0 0 1 1 0 0 1 0 689 0.109886
0 1 0 1 0 1 1 0 0 0 690 -1.06337
1 0 0 1 0 1 0 1 0 0 691 -1.42724
1 0 1 1 1 1 1 1 1 1 692 1.5829
0 1 0 1 0 0 0 1 1 0 693 -0.125454
0 0 0 1 0 0 0 1 0 1 694 -0.173468
0 1 0 1 0 0 0 0 1 0 695 -0.153361
1 0 0 0 0 0 0 0 1 0 696 -1.38385
0 0 1 0 1 0 1 0 0 1 697 -0.428592
1 0 1 1 1 1 0 0 0 0 698 0.383068
0 1 0 1 1 1 1 0 1 0 699 -0.13553
0 1 0 0 0 0 1 1 1 0 700 -0.403378
0 0 0 0 0 1 0 0 1 1 701 -1.42339
1 1 0 1 1 1 1 1 1 1 702 2.15668
0 0 0 1 1 1 0 0 1 0 703 -1.19563
0 1 1 1 1 0 1 0 1 1 704 0.283528
0 0 0 0 0 1 0 0 0 0 705 -0.401679
0 1 1 0 0 0 0 0 0 0 706 -1.55785
0 0 0 1 1 0 0 0 1 0 707 -1.02845
1 1 1 1 1 1 1 1 1 0 708 1.60109
0 1 1 1 1 1 1 0 1 0 709 1.05733
0 1 1 1 1 1 0 0 1 1 710 -0.43665
0 0 0 1 0 0 1 1 0 1 711 -1.01309
1 0 0 0 0 0 0 1 0 0 712 -1.63606
0 0 1 0 0 0 0 0 1 1 713 -1.80463
1 1 0 1 1 1 0 0 1 1 714 -0.523913
1 1 1 0 0 0 1 1 1 1 715 0.327596
0 0 1 1 0 1 1 0 0 0 716 -0.277553
0 0 0 1 1 0 0 0 1 1 717 0.680582
0 1 1 1 1 0 0 0 0 1 718 0.123063
0 1 1 1 0 0 0 0 0 0 719 -0.563617
0 0 0 0 0 1 1 0 1 0 720 -1.65447
0 0 1 1 1 0 1 0 1 0 721 0.262005
0 0 0 0 1 0 0 0 0 0 722 -1.29608
0 0 0 0 0 0 0 0 0 0 723 -1.441
0 0 0 0 0 0 1 0 0 0 724 -1.74858
1 0 1 1 0 0 1 1 1 1 725 0.859804
0 1 0 1 0 1 0 1 1 1 726 0.155232
0 1 1 1 0 1 1 1 1 1 727 0.759926
0 0 0 0 0 1 0 0 0 0 728 -1.39899
1 1 1 1 1 1 1 1 1 1 729 2.28332
0 1 0 0 0 0 0 1 0 0 730 -0.663226
0 0 1 1 1 0 1 1 0 1 731 0.357456
0 0 0 0 0 1 1 0 0 0 732 -0.849903
0 0 0 0 0 0 1 0 0 0 733 -1.90234
0 1 0 1 0 1 1 0 0 1 734 -1.49125
1 1 0 1 1 0 0 1 1 0 735 -0.0512722
1 1 1 1 1 1 1 1 1 1 736 1.11057
1 1 1 1 1 1 0 0 1 1 737 1.45115
1 1 1 1 1 1 1 1 1 1 738 2.01264
0 0 1 0 0 0 1 0 1 1 739 -0.822619
1 0 1 1 1 1 1 1 1 1 740 0.922506
1 1 0 0 1 1 1 1 1 1 741 0.379003
1 1 1 1 1 1 1 1 1 1 742 2.20162
0 0 0 0 0 0 1 0 1 1 743 -0.840423
0 0 0 0 1 0 0 0 1 0 744 -1.60871
1 0 1 1 1 1 1 1 1 1 745 1.24673
0 1 0 1 1 0 0 0 1 0 746 -0.00277974
1 0 0 0 1 1 0 0 1 0 747 0.0859711
0 0 1 0 0 0 1 0 0 0 748 -1.58976
0 0 1 0 0 1 1 0 0 0 749 -1.21415
0 0 0 0 0 0 0 0 0 1 750 -1.90624
0 0 0 0 0 0 1 0 0 0 751 -1.81849
0 1 0 1 1 1 0 1 1 1 752 0.83763
1 0 0 0 0 0 0 0 0 0 753 -1.88905
0 0 1 1 1 0 1 0 0 1 754 -1.85453
0 0 0 1 0 0 1 1 1 1 755 -0.672012
0 1 1 0 1 1 0 0 0 1 756 -1.27868
1 1 1 1 0 0 0 1 0 0 757 0.435274
0 1 1 0 1 1 0 0 1 0 758 -0.886113
0 1 0 1 0 1 0 0 0 0 759 -0.241405
0 0 0 1 1 0 0 1 1 0 760 -1.23589
0 0 1 1 1 1 1 1 1 1 761 1.64759
0 0 1 1 1 1 0 1 1 0 762 0.506621
0 0 1 1 1 1 1 1 1 1 763 0.987258
1 1 1 1 1 1 1 1 1 1 764 1.82946
1 1 1 1 1 1 1 0 1 0 765 0.914151
1 1 0 1 1 0 0 0 1 0 766 1.2504
1 1 0 1 0 1 1 0 0 0 767 0.176844
1 0 1 1 0 0 0 0 1 0 768 0.568167
0 1 0 0 1 0 0 0 0 0 769 -2.38015
0 0 1 0 0 0 0 0 0 1 770 -1.50321
0 0 1 1 1 1 0 0 1 1 771 0.235168
1 1 1 1 1 0 1 0 1 0 772 0.419041
0 0 0 0 0 0 0 0 1 0 773 -1.85354
0 1 1 0 0 1 0 0 1 1 774 -0.0855536
0 1 1 1 0 0 1 0 0 0 775 -0.00492838
1 1 1 1 0 0 0 1 1 1 776 0.0610154
0 0 1 0 0 0 0 0 0 0 777 -1.6636
0 0 1 0 1 0 0 1 1 0 778 -1.88134
0 0 1 0 0 1 1 0 1 0 779 -0.398611
0 1 1 1 1 0 1 0 1 0 780 -0.775078
0 0 1 1 1 0 1 1 1 0 781 1.30662
1 0 1 0 0 1 1 1 1 1 782 1.02008
0 0 0 0 0 0 0 0 1 1 783 -0.317768
1 0 1 0 0 1 0 1 1 0 784 -1.05116
0 1 1 1 1 0 0 1 0 0 785 -1.34711
0 1 1 1 1 1 1 1 0 0 786 0.949834
1 1 1 1 1 1 1 1 1 1 787 2.34306
1 0 1 0 1 0 0 0 0 0 788 -1.27776
1 0 1 0 0 1 1 0 1 1 789 -0.328157
0 0 1 1 0 1 0 0 0 0 790 -0.650505
1 0 0 0 0 0 1 0 1 1 791 -0.955112
0 1 1 0 1 1 0 0 1 0 792 -0.464111
0 0 1 1 0 1 0 0 0 0 793 -0.247822
1 0 0 1 0 0 0 1 1 1 794 -0.163716
0 0 0 0 0 0 0 1 0 0 795 -1.67843
1 0 1 1 0 0 1 0 1 1 796 0.219776
1 1 1 1 1 1 1 1 1 1 797 0.983659
1 1 0 0 1 1 1 1 1 0 798 1.28066
0 1 1 1 1 1 1 1 1 0 799 0.677723
1 0 1 1 0 0 0 1 0 1 800 -0.34917
0 1 1 1 1 1 1 1 1 1 801 1.90306
0 0 0 0 0 0 0 0 1 1 802 -1.00419
1 1 0 1 0 1 1 1 0 0 803 0.122005
1 1 1 1 1 1 0 1 1 1 804 1.62024
1 0 0 1 1 1 1 1 1 1 805 0.767357
0 0 0 0 0 1 0 0 1 1 806 0.0680772
0 1 0 0 0 0 0 1 0 0 807 -1.64097
1 0 1 0 1 0 0 0 0 1 808 0.552668
0 0 0 0 1 0 0 0 0 1 809 -1.0854
0 1 1 1 0 0 0 0 1 0 810 0.400046
1 1 1 1 0 1 0 1 1 0 811 -0.820568
0 1 0 1 0 0 0 1 1 0 812 -0.962414
0 1 1 1 1 0 0 0 1 1 813 0.256808
0 1 1 0 1 0 0 1 0 0 814 0.651132
0 0 0 0 0 0 0 0 0 0 815 -2.11038
0 1 0 0 1 0 0 0 1 0 816 -1.43918
0 1 1 1 1 1 0 1 1 1 817 0.587999
0 0 1 1 0 0 1 0 1 0 818 -0.600815
0 0 0 0 0 0 0 0 0 0 819 -1.01438
1 1 0 1 0 0 0 1 0 1 820 0.0234321
1 1 1 0 0 1 1 0 1 1 821 0.217905
1 1 0 1 0 1 0 1 1 1 822 0.0960199
0 1 0 0 0 1 0 0 0 0 823 -0.398229
0 1 0 0 0 0 0 0 0 1 824 -0.951042
0 0 0 1 0 1 0 1 0 1 825 -0.0811565
0 1 1 1 0 0 0 1 0 0 826 -0.763245
0 0 0 0 0 0 0 0 0 0 827 -1.22062
0 1 1 1 1 1 0 0 1 1 828 -0.628201
0 0 0 0 0 0 0 1 1 0 829 -1.74905
0 0 0 0 0 1 1 0 0 0 830 -2.33801
0 0 0 1 1 1 0 0 1 1 831 -0.105098
1 0 1 1 0 1 1 0 1 1 832 0.146394
0 0 0 0 0 0 0 0 0 1 833 -1.29292
0 0 1 0 0 0 0 0 1 0 834 -0.750933
1 0 0 1 1 1 1 0 1 1 835 0.41998
0 0 1 0 0 0 0 0 0 0 836 -1.25402
0 0 0 0 0 0 0 0 1 0 837 -0.42594
0 0 0 0 1 0 0 0 1 0 838 -0.2739
0 0 1 0 0 0 0 0 0 0 839 -1.86764
0 0 0 0 0 0 1 0 0 0 840 -1.82137
0 0 0 0 0 0 1 0 0 1 841 -0.985609
1 0 1 0 1 0 0 0 0 0 842 -0.727767
1 1 1 0 0 0 0 0 1 1 843 -0.294416
0 1 1 1 1 1 0 0 1 1 844 0.499178
1 0 0 1 0 0 0 0 1 0 845 -0.374172
0 0 0 0 0 0 0 1 0 0 846 -1.927
0 0 1 0 0 0 0 0 0 1 847 -0.871001
1 0 1 0 1 1 0 0 1 0 848 0.431413
0 1 0 0 0 0 0 0 1 0 849 -1.39483
0 0 0 1 0 0 1 0 1 0 850 -0.318513
1 1 1 1 1 1 1 1 1 0 851 2.86961
0 0 0 0 1 0 0 0 1 0 852 -0.417823
0 0 0 1 0 1 1 0 1 0 853 -0.0767632
0 0 0 0 0 0 0 1 0 0 854 -2.22352
1 1 1 1 0 1 1 1 1 0 855 0.864065
0 0 1 0 0 1 0 0 0 0 856 -2.19082
1 1 1 0 0 1 1 0 1 0 857 -0.353791
0 0 0 1 0 0 0 1 1 0 858 -0.668922
1 0 0 0 0 1 1 1 1 1 859 0.942747
0 0 0 1 1 0 1 0 0 1 860 -0.41615
0 1 1 1 1 1 1 1 1 1 861 1.53141
0 1 0 0 0 0 0 0 1 0 862 -0.711507
0 0 0 1 0 1 0 1 1 0 863 -1.13889
0 0 0 1 0 0 0 0 0 0 864 -0.797368
1 1 1 1 1 1 1 1 1 1 865 2.06653
0 0 1 1 0 0 1 0 1 1 866 0.00971504
0 0 0 0 0 0 0 0 1 0 867 -1.08012
0 1 0 0 1 0 0 1 1 1 868 0.0526847
0 0 1 1 0 1 1 0 1 0 869 -0.200273
1 0 1 0 1 0 0 0 0 1 870 -0.533146
0 0 0 0 0 0 0 0 1 0 871 -1.31124
0 0 1 0 0 1 0 0 0 0 872 -1.32636
0 0 1 1 0 0 0 0 0 0 873 -0.441898
0 1 0 0 0 1 0 1 1 1 874 -0.510798
1 0 1 0 0 0 1 0 0 0 875 -0.342464
1 1 1 0 1 1 1 1 1 1 876 1.38199
0 0 1 1 1 1 1 0 1 0 877 1.50683
0 0 0 0 0 1 0 0 0 0 878 -1.37442
0 0 0 0 0 1 0 0 1 0 879 -1.21496
1 1 1 0 1 0 1 0 1 1 880 0.349523
1 1 0 1 0 0 0 0 0 0 881 -0.676562
0 1 1 1 0 0 0 0 1 0 882 -0.59954
1 0 1 1 1 1 1 1 1 1 883 1.52194
0 0 0 1 0 0 1 0 0 0 884 -2.18628
0 1 0 1 0 0 0 0 0 0 885 -1.09707
1 1 0 0 0 0 0 1 1 0 886 0.166943
0 0 1 0 0 0 1 0 1 0 887 -1.07025
0 1 1 0 0 0 1 0 0 0 888 -1.12643
0 0 1 1 0 1 1 1 1 1 889 0.520434
1 0 1 1 1 0 0 0 1 1 890 0.283075
0 1 1 1 1 1 0 1 1 0 891 0.99375
0 0 1 1 0 0 0 0 0 1 892 -0.328343
0 0 0 0 0 0 0 0 0 1 893 -1.69185
0 0 1 1 0 0 0 0 0 0 894 -1.91425
0 0 0 0 0 0 0 0 0 1 895 -0.726727
0 0 1 0 0 1 0 1 1 0 896 -0.316986
1 0 1 1 1 1 1 1 1 0 897 2.21037
1 1 1 1 1 1 1 1 0 1 898 0.718387
0 1 0 1 1 0 1 0 1 1 899 -1.59134
0 0 0 0 0 1 0 1 0 0 900 -1.56491
1 0 1 0 0 0 0 0 1 0 901 -0.374357
0 0 1 0 0 0 0 1 0 0 902 -2.02945
0 1 1 0 0 0 0 1 0 0 903 -1.29708
1 1 0 1 0 1 1 1 0 1 904 0.937022
0 1 1 1 1 0 1 1 1 0 905 0.156964
1 0 0 1 1 1 1 1 1 1 906 1.41605
0 0 1 1 1 1 1 0 1 0 907 0.549845
0 0 0 1 0 1 1 0 0 1 908 -2.47844
1 1 1 1 1 0 1 1 1 1 909 2.14109
0 0 1 1 1 0 1 0 0 0 910 0.324264
0 0 0 0 0 0 1 0 0 1 911 -0.358824
1 0 1 0 0 0 0 0 1 1 912 -0.72255
1 0 1 1 1 1 1 1 0 0 913 1.05518
1 1 1 1 1 1 1 1 1 0 914 2.11911
0 1 1 0 1 1 1 0 1 0 915 -0.331701
1 1 0 1 0 1 0 0 0 0 916 0.0990254
1 0 1 0 0 1 0 0 1 0 917 -0.236261
0 0 1 1 0 0 0 0 0 1 918 -1.21266
1 0 1 1 0 1 1 0 1 1 919 0.574671
0 0 0 0 0 0 0 0 0 0 920 -2.19139
1 1 0 1 0 1 0 1 1 0 921 0.355855
0 0 1 0 0 0 0 0 1 0 922 -0.778207
0 1 1 1 0 0 0 0 0 0 923 -1.60474
0 1 1 1 1 1 0 0 1 0 924 0.398751
1 0 1 1 0 1 1 1 1 1 925 0.858481
1 1 1 1 1 1 1 1 1 1 926 1.67426
0 0 0 0 0 0 0 0 0 0 927 -1.72714
0 0 0 0 0 0 0 0 0 1 928 -3.91081
0 1 1 0 0 1 1 0 1 1 929 -0.0282015
1 0 1 0 1 1 0 0 1 0 930 0.342235
1 1 1 1 1 1 1 0 1 1 931 1.09921
1 1 1 0 1 1 0 1 1 1 932 1.12461
0 1 1 0 1 1 1 0 0 0 933 -0.991299
0 0 0 1 0 0 0 0 0 1 934 -0.628934
0 0 0 0 0 0 0 1 0 0 935 -1.19258
1 0 0 1 1 1 0 1 1 1 936 0.0671835
0 0 1 1 0 1 1 0 0 0 937 -0.150779
0 1 1 1 1 1 0 1 0 0 938 0.196494
0 1 1 1 0 1 1 1 1 1 939 2.05224
0 0 0 0 0 0 0 1 0 0 940 -1.93778
0 0 0 0 0 0 1 0 1 1 941 -3.05157
0 0 1 1 0 0 0 0 1 1 942 -1.07541
1 1 0 1 0 1 0 0 0 0 943 -0.20435
0 0 1 0 0 0 1 0 1 1 944 -0.607894
1 0 1 1 0 1 1 0 0 0 945 -1.64955
0 0 1 1 0 1 0 0 0 0 946 -0.220025
0 0 1 0 0 0 0 0 0 0 947 -1.46805
0 1 1 1 0 0 0 0 0 1 948 -2.9802
1 1 1 0 1 1 1 1 1 1 949 2.03187
0 1 1 1 1 1 1 1 1 1 950 1.43111
1 1 0 1 1 0 1 1 1 0 951 0.814926
0 0 0 1 1 1 0 1 1 0 952 0.738315
1 0 1 1 1 1 1 1 1 1 953 1.50132
0 0 1 1 1 1 1 0 1 1 954 0.362559
0 1 1 1 0 0 1 1 1 0 955 0.661485
0 0 1 0 1 1 0 0 1 0 956 0.243193
0 0 0 1 0 0 0 0 0 0 957 -1.27772
0 0 1 0 0 0 1 0 0 1 958 -1.7544
0 0 1 1 0 0 1 0 0 0 959 -0.407497
1 1 1 0 0 0 0 0 0 0 960 -0.471286
0 1 0 0 0 0 0 1 0 0 961 -2.65644
1 1 0 0 0 0 1 0 1 0 962 0.815142
0 1 1 1 0 0 0 1 1 0 963 0.17217
0 0 1 0 0 1 0 0 0 1 964 -0.61514
1 0 1 1 0 1 1 0 0 1 965 0.673648
1 1 1 1 0 1 1 0 0 0 966 0.365366
1 0 1 1 1 1 1 1 1 1 967 1.38015
0 1 1 1 0 0 1 0 1 1 968 0.876363
0 1 0 1 1 1 1 1 1 0 969 1.05459
0 0 1 1 1 1 1 1 0 1 970 1.34745
0 1 1 1 1 1 1 1 0 1 971 0.424343
0 1 1 1 1 0 1 1 0 1 972 0.750835
1 0 1 1 0 1 0 0 1 1 973 -0.626977
0 1 0 0 0 0 0 0 1 0 974 -2.10281
0 0 0 0 0 1 1 0 1 0 975 -0.596745
0 1 0 0 0 0 0 0 0 1 976 -0.487229
1 1 1 0 1 1 1 0 1 1 977 -0.891127
1 0 0 1 0 1 1 0 0 1 978 0.0381357
0 0 1 1 0 1 1 1 0 0 979 -0.243158
0 1 1 1 1 1 1 1 1 0 980 1.3647
0 1 0 0 0 1 0 0 0 1 981 -1.15489
0 1 1 1 0 1 1 0 0 0 982 -0.393313
0 0 0 1 0 0 1 0 0 0 983 -1.36564
1 1 1 1 1 1 1 1 1 1 984 0.623182
1 1 1 1 1 1 1 1 1 1 985 2.03233
0 1 0 0 1 1 1 1 1 1 986 1.05867
1 0 1 0 0 0 0 0 1 1 987 0.0930655
1 0 1 1 1 1 0 1 1 0 988 1.45642
0 1 1 0 0 0 0 0 1 0 989 -0.453587
0 1 1 1 0 0 1 0 0 1 990 -1.0035
1 1 0 1 1 1 1 1 1 1 991 1.27344
1 1 1 1 1 1 1 1 1 0 992 3.16672
0 0 0 1 1 0 0 0 1 0 993 -0.986442
0 0 0 1 0 1 0 1 1 0 994 -0.709313
0 1 1 0 0 0 0 0 0 0 995 -1.41603
0 0 1 1 0 0 0 1 1 0 996 -0.141937
1 1 1 1 1 0 1 1 0 0 997 -0.385679
0 1 1 0 0 0 1 0 0 0 998 -3.24206
1 0 0 1 0 0 0 1 1 1 999 0.693715
