1	v1	1	14	2	2	-1.9843931	0.0000000	0.0000000	0.0000000	0.0000000	2.0477493	0.0000000	0.0000000	0.0000000	0.0000000	0.0000000	0.4965825	0.0000000	0.0000000	0.0000000
1	v2	1	14	2	2	-1.6974092	0.0000000	0.0000000	0.0000000	0.0000000	0.0000000	0.0000000	0.0000000	0.0000000	0.0000000	2.1978024	0.4965825	0.0000000	0.0000000	0.0000000
1	v3	1	14	2	2	-1.0129643	0.0000000	0.0000000	0.0000000	0.0000000	0.0000000	2.0173050	0.0000000	0.0000000	0.0000000	0.0000000	0.4965825	0.0000000	0.0000000	0.0000000
1	v4	1	14	2	2	-0.7028599	0.0000000	0.0000000	0.0000000	0.0000000	0.0000000	0.0000000	0.0000000	0.0000000	2.2114021	0.0000000	0.4965825	0.0000000	0.0000000	0.0000000
1	v5	1	14	2	2	-1.8452795	0.0000000	0.0000000	0.0000000	0.0000000	0.0000000	0.0000000	1.9248619	0.0000000	0.0000000	0.0000000	0.4965825	0.0000000	0.0000000	0.0000000
1	v6	1	14	2	2	-1.6135696	0.0000000	0.0000000	0.0000000	0.0000000	0.0000000	0.0000000	0.0000000	2.1024396	0.0000000	0.0000000	0.4965825	0.0000000	0.0000000	0.0000000
1	v7	1	14	2	2	-0.8405409	0.0000000	0.0000000	0.0000000	0.0000000	2.0366146	0.0000000	0.0000000	0.0000000	0.0000000	0.0000000	0.0000000	0.4686859	0.0000000	0.0000000
1	v8	1	14	2	2	-0.5493421	0.0000000	0.0000000	0.0000000	0.0000000	0.0000000	0.0000000	0.0000000	0.0000000	0.0000000	2.0023837	0.0000000	0.4686859	0.0000000	0.0000000
1	v9	1	14	2	2	-2.0163009	0.0000000	0.0000000	0.0000000	0.0000000	0.0000000	2.1165693	0.0000000	0.0000000	0.0000000	0.0000000	0.0000000	0.4686859	0.0000000	0.0000000
1	v10	1	14	2	2	-1.4848117	0.0000000	0.0000000	0.0000000	0.0000000	0.0000000	0.0000000	0.0000000	0.0000000	1.8004489	0.0000000	0.0000000	0.4686859	0.0000000	0.0000000
1	v11	1	14	2	2	-1.0122351	0.0000000	0.0000000	0.0000000	0.0000000	0.0000000	0.0000000	1.9468190	0.0000000	0.0000000	0.0000000	0.0000000	0.4686859	0.0000000	0.0000000
1	v12	1	14	2	2	-0.5455456	0.0000000	0.0000000	0.0000000	0.0000000	0.0000000	0.0000000	0.0000000	1.9598440	0.0000000	0.0000000	0.0000000	0.4686859	0.0000000	0.0000000
1	v13	1	14	2	2	-2.0873667	0.0000000	0.0000000	0.0000000	0.0000000	2.2142528	0.0000000	0.0000000	0.0000000	0.0000000	0.0000000	0.0000000	0.0000000	0.4803535	0.0000000
1	v14	1	14	2	2	-1.4575238	0.0000000	0.0000000	0.0000000	0.0000000	0.0000000	0.0000000	0.0000000	0.0000000	0.0000000	1.7986317	0.0000000	0.0000000	0.4803535	0.0000000
1	v15	1	14	2	2	-0.9753369	0.0000000	0.0000000	0.0000000	0.0000000	0.0000000	1.9732090	0.0000000	0.0000000	0.0000000	0.0000000	0.0000000	0.0000000	0.4803535	0.0000000
1	v16	1	14	2	2	-0.5937234	0.0000000	0.0000000	0.0000000	0.0000000	0.0000000	0.0000000	0.0000000	0.0000000	2.1069245	0.0000000	0.0000000	0.0000000	0.4803535	0.0000000
1	v17	1	14	2	2	-1.9523948	0.0000000	0.0000000	0.0000000	0.0000000	0.0000000	0.0000000	2.0560011	0.0000000	0.0000000	0.0000000	0.0000000	0.0000000	0.4803535	0.0000000
1	v18	1	14	2	2	-1.4521693	0.0000000	0.0000000	0.0000000	0.0000000	0.0000000	0.0000000	0.0000000	1.8405821	0.0000000	0.0000000	0.0000000	0.0000000	0.4803535	0.0000000
1	v19	1	14	2	2	-0.8809842	0.0000000	0.0000000	0.0000000	0.0000000	1.6608178	0.0000000	0.0000000	0.0000000	0.0000000	0.0000000	0.0000000	0.0000000	0.0000000	0.4427557
1	v20	1	14	2	2	-0.4689151	0.0000000	0.0000000	0.0000000	0.0000000	0.0000000	0.0000000	0.0000000	0.0000000	0.0000000	1.7811002	0.0000000	0.0000000	0.0000000	0.4427557
1	v21	1	14	2	2	-1.8926156	0.0000000	0.0000000	0.0000000	0.0000000	0.0000000	1.6865788	0.0000000	0.0000000	0.0000000	0.0000000	0.0000000	0.0000000	0.0000000	0.4427557
1	v22	1	14	2	2	-1.3821528	0.0000000	0.0000000	0.0000000	0.0000000	0.0000000	0.0000000	0.0000000	0.0000000	1.7915523	0.0000000	0.0000000	0.0000000	0.0000000	0.4427557
1	v23	1	14	2	2	-0.9669311	0.0000000	0.0000000	0.0000000	0.0000000	0.0000000	0.0000000	2.0021510	0.0000000	0.0000000	0.0000000	0.0000000	0.0000000	0.0000000	0.4427557
1	v24	1	14	2	2	-0.5164467	0.0000000	0.0000000	0.0000000	0.0000000	0.0000000	0.0000000	0.0000000	1.9430617	0.0000000	0.0000000	0.0000000	0.0000000	0.0000000	0.4427557
0	G	1	14	2	16	4	0.0000000	0.0000000	0.0000000	0.0000000	0.0000000	0.0000000	0.0000000	0.0000000	0.0000000	0.0000000	0.0000000	0.0000000	0.0000000	0.0000000	1.0000000	0.0000000	1.0000000	0.0000000	0.0000000	1.0000000	0.0000000	0.0000000	0.0000000	1.0000000	0.0000000	0.0000000	0.0000000	0.0000000	1.0000000	0.0000000	0.0000000	0.0000000	0.0000000	0.0000000	1.0000000	0.0000000	0.0000000	0.0000000	0.0000000	0.0000000	0.0000000	1.0000000	0.0000000	0.0000000	0.0000000	0.0000000	0.0000000	0.0000000	0.0000000	1.0000000	0.0000000	0.0000000	0.0000000	0.0000000	0.0000000	0.0000000	0.0000000	0.0000000	1.0000000	0.0000000	0.0000000	0.0000000	0.0000000	0.0000000	0.0000000	0.0000000	0.0000000	0.0000000	1.0000000	0.0000000	0.0000000	0.0000000	0.0000000	0.0000000	0.0000000	0.0000000	0.0000000	0.0000000	0.0000000	1.0000000	0.0000000	0.0000000	0.0000000	0.0000000	0.0000000	0.0000000	0.0000000	0.0000000	0.0000000	0.0000000	0.0000000	1.0000000	0.0000000	0.0000000	0.0000000	0.0000000	0.0000000	0.0000000	0.0000000	0.0000000	0.0000000	0.0000000	0.0000000	0.0000000	1.0000000	0.0000000	0.0000000	0.0000000	0.0000000	0.0000000	0.0000000	0.0000000	0.0000000	0.0000000	0.0000000	0.0000000	0.0000000	0.0000000	1.0000000	1.1956560e-01	1.1625613e-01	6.2822004e-02	1.1686423e-01	3.6533669e-02	6.7961525e-02	3.6724766e-02	1.2827816e-01	1.7026088e-02	3.1672671e-02	1.7115146e-02	5.9782530e-02	9.9531861e-03	3.4766086e-02	1.8786753e-02	1.2589145e-01
1	a1	2	1	2	2	-0.9706034	1.1228533
1	a2	2	1	2	2	-0.2071159	1.1228533
1	a3	2	1	2	2	0.3349552	1.1228533
1	a4	2	1	2	2	0.9504456	1.1228533
0	D	2	1	0	0.0000000	1.0000000
