1	v1	1	5	2	2	-1.6836632	1.8895615	0.0000000	0.0000000	0.0000000	0.0000000
1	v2	1	5	2	2	-1.1396806	1.9035580	0.0000000	0.0000000	0.0000000	0.0000000
1	v3	1	5	2	2	-0.6317147	1.9031500	0.0000000	0.0000000	0.0000000	0.0000000
1	v4	1	5	2	2	-0.3300299	0.0000000	2.4688094	0.0000000	0.0000000	0.0000000
1	v5	1	5	2	2	-1.1459422	0.0000000	2.2260031	0.0000000	0.0000000	0.0000000
1	v6	1	5	2	2	1.5469512	0.0000000	1.9096686	0.0000000	0.0000000	0.0000000
1	v7	1	5	2	2	-1.1793233	0.0000000	0.0000000	1.8386615	0.0000000	0.0000000
1	v8	1	5	2	2	-0.7872785	0.0000000	0.0000000	2.1673941	0.0000000	0.0000000
1	v9	1	5	2	2	-0.3178216	0.0000000	0.0000000	1.6838289	0.0000000	0.0000000
1	v10	1	5	2	2	0.1166315	0.0000000	0.0000000	0.0000000	2.4175829	0.0000000
1	v11	1	5	2	2	0.8740865	0.0000000	0.0000000	0.0000000	1.6316182	0.0000000
1	v12	1	5	2	2	1.2493735	0.0000000	0.0000000	0.0000000	1.9071914	0.0000000
1	v13	1	5	2	2	2.7357391	0.0000000	0.0000000	1.0613226	1.0613226	1.0613226
1	v14	1	5	2	2	1.6034265	0.0000000	0.0000000	1.5077029	1.5077029	1.5077029
1	v15	1	5	2	2	-1.6584860	0.0000000	0.0000000	2.5280421	2.5280421	2.5280421
0	G	1	5	2	16	4	0.0000000	0.0000000	0.0000000	0.0000000	0.0000000	1.0000000	0.0000000	1.0000000	0.0000000	0.0000000	1.0000000	0.0000000	0.0000000	0.0000000	1.0000000	0.0000000	0.0000000	0.0000000	0.0000000	1.0000000	1.7695755e-01	1.5624295e-01	4.4641303e-02	1.7088336e-01	9.8734324e-03	3.9727825e-02	6.6340230e-03	1.0181490e-01	2.2591174e-03	1.8050393e-02	2.3336404e-03	7.0857873e-02	5.4142635e-04	1.7274613e-02	1.3110818e-03	1.8059652e-01
1	a1	2	1	2	2	-1.8559870	2.9257007
1	a2	2	1	2	2	-0.9500938	1.9620716
1	a3	2	1	2	2	0.5090916	1.8931009
1	a4	2	1	2	2	2.4400396	3.0559535
0	D	2	1	0	0.0000000	1.0000000
