   -5459.113	       0.352	       0.497	    -0.10424	    -0.05533	     0.01393	    -0.00382	     0.04444	     0.09341	     0.98333	     1.00570	     1.02653	     1.01817	     1.01119	     0.99287	     0.99001	     0.99543	     1.01548	     1.01977	     1.00440	     0.99759	     0.99354	     1.00435	     1.02119	     1.01953	     1.01154	     0.99562	
   -5347.493	       0.351	       0.502	    -0.20061	    -0.10788	     0.02487	    -0.00374	     0.09009	     0.17992	     0.97386	     1.01394	     1.04976	     1.03188	     1.01977	     0.98897	     0.98408	     1.00355	     1.03041	     1.03947	     1.01188	     0.99968	     0.98240	     1.00256	     1.02630	     1.03707	     1.01423	     0.99963	
   -5321.178	       0.356	       0.513	    -0.28891	    -0.15747	     0.03225	    -0.00527	     0.13124	     0.25830	     0.96021	     1.02071	     1.06383	     1.04501	     1.03099	     0.98714	     0.97852	     1.01097	     1.04256	     1.05592	     1.02199	     1.00517	     0.97230	     1.00406	     1.02781	     1.06114	     1.01772	     1.00475	
   -5274.111	       0.355	       0.509	    -0.36747	    -0.20306	     0.03911	    -0.00499	     0.16691	     0.33069	     0.95648	     1.03087	     1.08735	     1.05977	     1.04572	     0.99238	     0.97030	     1.01644	     1.05748	     1.06690	     1.02386	     1.01551	     0.96794	     1.00368	     1.03811	     1.07042	     1.03255	     1.00476	
   -5208.969	       0.352	       0.497	    -0.43972	    -0.24708	     0.04338	    -0.00293	     0.20022	     0.39701	     0.95060	     1.03585	     1.10366	     1.06950	     1.05748	     0.99482	     0.96456	     1.01902	     1.06871	     1.08871	     1.03346	     1.02657	     0.97715	     1.00638	     1.05362	     1.07205	     1.04882	     1.01062	
   -5247.343	       0.352	       0.503	    -0.50819	    -0.28940	     0.04416	     0.00495	     0.23737	     0.46196	     0.94399	     1.04327	     1.11927	     1.08481	     1.06807	     0.99946	     0.95905	     1.02671	     1.07541	     1.10502	     1.03781	     1.02912	     0.97594	     1.01484	     1.06669	     1.08095	     1.05484	     1.01783	
   -5227.517	       0.346	       0.514	    -0.56718	    -0.32264	     0.04969	     0.01188	     0.27129	     0.52131	     0.94269	     1.05274	     1.13473	     1.09494	     1.07272	     0.99685	     0.95621	     1.03026	     1.08567	     1.12144	     1.04310	     1.03014	     0.97074	     1.02160	     1.07102	     1.08992	     1.06459	     1.01970	
   -5185.365	       0.356	       0.517	    -0.62234	    -0.35350	     0.05312	     0.01778	     0.30222	     0.57806	     0.94116	     1.05826	     1.14385	     1.10600	     1.08231	     1.00388	     0.95990	     1.02737	     1.09004	     1.12943	     1.04337	     1.04006	     0.96810	     1.02744	     1.07010	     1.10323	     1.07430	     1.02538	
   -5125.462	       0.358	       0.482	    -0.67658	    -0.38781	     0.05119	     0.02328	     0.33000	     0.62991	     0.93865	     1.06442	     1.15632	     1.11610	     1.08820	     1.00970	     0.96705	     1.03791	     1.09808	     1.14671	     1.05112	     1.05547	     0.97119	     1.02819	     1.07104	     1.11755	     1.08670	     1.03111	
   -5153.134	       0.353	       0.478	    -0.72625	    -0.41939	     0.04770	     0.03193	     0.35863	     0.68001	     0.94348	     1.07221	     1.16595	     1.12484	     1.09183	     1.01766	     0.96932	     1.04695	     1.09960	     1.15820	     1.05222	     1.06828	     0.98595	     1.03667	     1.07158	     1.12526	     1.08254	     1.05176	
   -5119.545	       0.357	       0.491	    -0.77378	    -0.44607	     0.04715	     0.04217	     0.38608	     0.72734	     0.95476	     1.08129	     1.17941	     1.13389	     1.09836	     1.02548	     0.97995	     1.04756	     1.09840	     1.16737	     1.05561	     1.08578	     1.00411	     1.04220	     1.06924	     1.13162	     1.09091	     1.07033	
   -5078.414	       0.353	       0.456	    -0.81868	    -0.47553	     0.04505	     0.04785	     0.40788	     0.76861	     0.95501	     1.08230	     1.18728	     1.14112	     1.10425	     1.03457	     0.98226	     1.05867	     1.09836	     1.18009	     1.05410	     1.10019	     1.01110	     1.03962	     1.07847	     1.14119	     1.10388	     1.08996	
   -5040.210	       0.350	       0.476	    -0.85847	    -0.50190	     0.03925	     0.05606	     0.43298	     0.81068	     0.95639	     1.08697	     1.20046	     1.15236	     1.11444	     1.04506	     0.98036	     1.06006	     1.11275	     1.19473	     1.06960	     1.10622	     1.01229	     1.04584	     1.08413	     1.15088	     1.10948	     1.10247	
   -4927.211	       0.356	       0.471	    -0.89935	    -0.53054	     0.03309	     0.06156	     0.45220	     0.85120	     0.96526	     1.10129	     1.22085	     1.16250	     1.11833	     1.05686	     0.98702	     1.07578	     1.12253	     1.20047	     1.06544	     1.12319	     1.01305	     1.05443	     1.10231	     1.15789	     1.11948	     1.12134	
   -5012.079	       0.351	       0.480	    -0.93458	    -0.55661	     0.02674	     0.06593	     0.46963	     0.88265	     0.96820	     1.11392	     1.24026	     1.17369	     1.12749	     1.06573	     0.98616	     1.08615	     1.13614	     1.20363	     1.06879	     1.12514	     1.01447	     1.06238	     1.11497	     1.16873	     1.12695	     1.13014	
   -5027.614	       0.351	       0.500	    -0.96217	    -0.57301	     0.02736	     0.07905	     0.49245	     0.91987	     0.96935	     1.11810	     1.24762	     1.18211	     1.13709	     1.07623	     0.98372	     1.08629	     1.14210	     1.22046	     1.07293	     1.13748	     1.01991	     1.06728	     1.11876	     1.17104	     1.14258	     1.13565	
   -4966.119	       0.355	       0.463	    -0.99178	    -0.59276	     0.02466	     0.08703	     0.51005	     0.95120	     0.97284	     1.12315	     1.26227	     1.18975	     1.14190	     1.08453	     0.97950	     1.08938	     1.16428	     1.22760	     1.06919	     1.14113	     1.02180	     1.07203	     1.13175	     1.17191	     1.15488	     1.15331	
   -4970.914	       0.353	       0.479	    -1.01865	    -0.61180	     0.02124	     0.09468	     0.52610	     0.98113	     0.97122	     1.12858	     1.26852	     1.19799	     1.14457	     1.09431	     0.98181	     1.09516	     1.17759	     1.24122	     1.06995	     1.15059	     1.01937	     1.07666	     1.13657	     1.18465	     1.16753	     1.17973	
   -5052.824	       0.342	       0.471	    -1.04617	    -0.63231	     0.01256	     0.10368	     0.54338	     1.00982	     0.97662	     1.13976	     1.27909	     1.20491	     1.15412	     1.10548	     0.98627	     1.10122	     1.19118	     1.24033	     1.07013	     1.15873	     1.02132	     1.08391	     1.13268	     1.19120	     1.16713	     1.18880	
   -4958.389	       0.346	       0.464	    -1.07373	    -0.65346	     0.00138	     0.10145	     0.55175	     1.02898	     0.97815	     1.14190	     1.28595	     1.21342	     1.16351	     1.11482	     0.98800	     1.10834	     1.20370	     1.25180	     1.08142	     1.16440	     1.02990	     1.08066	     1.13906	     1.20302	     1.16469	     1.20095	
   -4948.986	       0.351	       0.470	    -1.09888	    -0.66993	    -0.00576	     0.10449	     0.56134	     1.05141	     0.98300	     1.14624	     1.29732	     1.22196	     1.16229	     1.12193	     0.99799	     1.11342	     1.21596	     1.26227	     1.07608	     1.17133	     1.03712	     1.08131	     1.13975	     1.21335	     1.16269	     1.21334	
   -4944.284	       0.343	       0.467	    -1.12079	    -0.68965	    -0.01513	     0.10508	     0.56887	     1.06775	     0.98488	     1.15606	     1.30754	     1.23499	     1.17926	     1.13898	     0.99862	     1.12855	     1.22962	     1.27356	     1.08828	     1.18515	     1.03559	     1.08912	     1.13669	     1.22000	     1.17764	     1.22237	
   -4905.701	       0.347	       0.459	    -1.14309	    -0.70956	    -0.02595	     0.10766	     0.57763	     1.08746	     0.99240	     1.16876	     1.32146	     1.24468	     1.19302	     1.15354	     0.99548	     1.13373	     1.23669	     1.28443	     1.08732	     1.19557	     1.03556	     1.09402	     1.13956	     1.22333	     1.19464	     1.23285	
   -4889.515	       0.345	       0.483	    -1.16378	    -0.72180	    -0.02996	     0.11431	     0.58850	     1.11410	     1.00301	     1.17677	     1.32874	     1.24328	     1.19049	     1.16160	     1.00289	     1.14209	     1.24810	     1.28950	     1.08254	     1.21694	     1.05527	     1.09814	     1.13411	     1.22749	     1.19143	     1.25063	
   -4957.213	       0.344	       0.480	    -1.18266	    -0.73867	    -0.04061	     0.12420	     0.60103	     1.14090	     1.00592	     1.18233	     1.33599	     1.24966	     1.19045	     1.17103	     1.00199	     1.14226	     1.25507	     1.29553	     1.08093	     1.23742	     1.05876	     1.10547	     1.14059	     1.23870	     1.18375	     1.26401	
   -4905.473	       0.343	       0.479	    -1.20164	    -0.75086	    -0.04761	     0.12759	     0.61018	     1.15474	     1.00864	     1.17952	     1.34054	     1.25616	     1.19731	     1.17217	     1.01313	     1.14679	     1.26372	     1.30184	     1.08091	     1.24668	     1.06017	     1.10035	     1.15186	     1.24345	     1.19762	     1.25505	
   -4920.668	       0.350	       0.457	    -1.21611	    -0.76659	    -0.05669	     0.12987	     0.61677	     1.16884	     1.01114	     1.18557	     1.34284	     1.26129	     1.19948	     1.17722	     1.00371	     1.15587	     1.26219	     1.31004	     1.06888	     1.25139	     1.06674	     1.10791	     1.15704	     1.25224	     1.21034	     1.26369	
   -4865.792	       0.341	       0.479	    -1.23210	    -0.77995	    -0.06319	     0.13603	     0.62557	     1.18913	     1.01658	     1.19280	     1.34564	     1.26613	     1.20748	     1.18930	     1.00069	     1.16173	     1.25869	     1.32138	     1.06542	     1.26705	     1.07254	     1.11295	     1.15547	     1.25269	     1.21933	     1.27313	
   -4884.688	       0.347	       0.463	    -1.24458	    -0.78937	    -0.06688	     0.14214	     0.63479	     1.20519	     1.02059	     1.19964	     1.35538	     1.27442	     1.21734	     1.19873	     1.00674	     1.16781	     1.25788	     1.33908	     1.06143	     1.27506	     1.07534	     1.11650	     1.16863	     1.24964	     1.22402	     1.27924	
   -4877.944	       0.342	       0.452	    -1.26495	    -0.80524	    -0.07926	     0.14249	     0.63845	     1.21339	     1.02819	     1.20549	     1.36288	     1.27960	     1.22835	     1.20836	     1.02224	     1.17934	     1.27393	     1.34447	     1.06340	     1.27741	     1.07608	     1.11443	     1.16713	     1.25406	     1.23198	     1.28439	
   -4937.536	       0.348	       0.476	    -1.27738	    -0.81364	    -0.08487	     0.15399	     0.65288	     1.23506	     1.03555	     1.21019	     1.36967	     1.28332	     1.23068	     1.21751	     1.02771	     1.18204	     1.26863	     1.34579	     1.06637	     1.28277	     1.07730	     1.11016	     1.16940	     1.25639	     1.23704	     1.29301	
   -4846.643	       0.345	       0.451	    -1.29030	    -0.82702	    -0.09311	     0.15596	     0.65987	     1.24953	     1.03774	     1.21632	     1.37422	     1.28448	     1.23144	     1.22326	     1.03569	     1.19242	     1.27023	     1.34937	     1.07118	     1.29771	     1.07029	     1.11577	     1.17018	     1.26829	     1.24561	     1.30514	
   -4882.743	       0.343	       0.474	    -1.29570	    -0.83796	    -0.10124	     0.16042	     0.66430	     1.26286	     1.04162	     1.22355	     1.38416	     1.29881	     1.23821	     1.23772	     1.02359	     1.19669	     1.28863	     1.36372	     1.07212	     1.31332	     1.06388	     1.13362	     1.17939	     1.27962	     1.24371	     1.30995	
   -4895.578	       0.345	       0.450	    -1.29762	    -0.84001	    -0.10067	     0.16695	     0.67455	     1.27054	     1.04459	     1.22578	     1.38797	     1.30542	     1.24655	     1.23731	     1.02576	     1.20292	     1.30463	     1.37231	     1.08199	     1.30576	     1.05371	     1.13244	     1.18313	     1.28705	     1.25871	     1.31387	
   -4910.998	       0.346	       0.463	    -1.30535	    -0.84774	    -0.10736	     0.17400	     0.68219	     1.28246	     1.04365	     1.22745	     1.39442	     1.31373	     1.25377	     1.24426	     1.01796	     1.20444	     1.30317	     1.37888	     1.07951	     1.30901	     1.05226	     1.12230	     1.18405	     1.29002	     1.26576	     1.31719	
   -4874.700	       0.338	       0.456	    -1.31625	    -0.85695	    -0.11337	     0.17598	     0.68485	     1.28900	     1.04558	     1.22993	     1.39524	     1.32497	     1.26160	     1.25264	     1.01770	     1.20564	     1.30069	     1.39983	     1.08463	     1.32865	     1.06160	     1.12923	     1.17932	     1.29657	     1.27812	     1.31816	
   -4877.853	       0.334	       0.486	    -1.32506	    -0.86363	    -0.11806	     0.18000	     0.68902	     1.30030	     1.04845	     1.23249	     1.39992	     1.33209	     1.26562	     1.26156	     1.01313	     1.21083	     1.30102	     1.41858	     1.08864	     1.34708	     1.07145	     1.12839	     1.17613	     1.30545	     1.28476	     1.33157	
   -4872.851	       0.334	       0.471	    -1.33420	    -0.86879	    -0.12045	     0.18834	     0.69704	     1.31463	     1.05461	     1.23623	     1.40129	     1.34050	     1.27076	     1.26958	     1.02196	     1.21626	     1.30067	     1.42990	     1.08374	     1.35456	     1.08095	     1.13041	     1.17642	     1.30310	     1.28335	     1.33887	
   -4773.655	       0.332	       0.440	    -1.34429	    -0.87204	    -0.12430	     0.19609	     0.70694	     1.33243	     1.06187	     1.24055	     1.41116	     1.35197	     1.27471	     1.27953	     1.02857	     1.21511	     1.32199	     1.44938	     1.08919	     1.37481	     1.09463	     1.12571	     1.19108	     1.30810	     1.28573	     1.35999	
   -4868.521	       0.339	       0.448	    -1.35025	    -0.87793	    -0.12615	     0.20213	     0.71285	     1.34523	     1.06712	     1.24905	     1.41669	     1.35488	     1.26958	     1.28198	     1.03107	     1.22266	     1.32350	     1.45264	     1.08505	     1.38289	     1.10169	     1.13577	     1.19277	     1.31164	     1.27626	     1.37242	
   -4893.500	       0.338	       0.453	    -1.35663	    -0.88312	    -0.13089	     0.20386	     0.71527	     1.34356	     1.06337	     1.24758	     1.42301	     1.35609	     1.27034	     1.27653	     1.03283	     1.22714	     1.33446	     1.45116	     1.08384	     1.37204	     1.10429	     1.13096	     1.19803	     1.31677	     1.27779	     1.36384	
   -4857.402	       0.343	       0.464	    -1.36162	    -0.88612	    -0.13427	     0.20569	     0.71848	     1.34713	     1.06111	     1.24481	     1.42779	     1.36285	     1.27526	     1.27848	     1.03267	     1.22767	     1.33798	     1.45952	     1.08187	     1.37772	     1.10452	     1.11736	     1.19801	     1.32051	     1.28739	     1.36189	
   -4894.727	       0.336	       0.448	    -1.36634	    -0.89188	    -0.13983	     0.19905	     0.71624	     1.34300	     1.05970	     1.24557	     1.42890	     1.35471	     1.27738	     1.27880	     1.03053	     1.22520	     1.33847	     1.45463	     1.08198	     1.37956	     1.10341	     1.11615	     1.20066	     1.31336	     1.30282	     1.35929	
   -4849.473	       0.334	       0.463	    -1.36626	    -0.89322	    -0.14002	     0.20088	     0.72017	     1.34852	     1.05977	     1.25421	     1.43383	     1.35430	     1.27960	     1.27777	     1.03035	     1.21733	     1.33581	     1.46253	     1.08259	     1.38488	     1.10286	     1.12857	     1.20519	     1.32665	     1.31307	     1.36636	
   -4756.069	       0.336	       0.461	    -1.37527	    -0.90157	    -0.14526	     0.20141	     0.72118	     1.35035	     1.05982	     1.25738	     1.43511	     1.36513	     1.27809	     1.27624	     1.02945	     1.22115	     1.34257	     1.47590	     1.08103	     1.38593	     1.11903	     1.14103	     1.20925	     1.34975	     1.31125	     1.36229	
   -4849.271	       0.334	       0.470	    -1.38042	    -0.90080	    -0.14531	     0.21196	     0.73209	     1.36013	     1.06224	     1.25728	     1.43528	     1.37497	     1.28841	     1.28139	     1.03854	     1.21379	     1.34141	     1.49324	     1.08871	     1.38959	     1.12645	     1.14123	     1.20261	     1.35786	     1.31697	     1.35714	
   -4733.048	       0.336	       0.467	    -1.39259	    -0.90983	    -0.15340	     0.21342	     0.73624	     1.37017	     1.07195	     1.26417	     1.44622	     1.38243	     1.29801	     1.29428	     1.04386	     1.21694	     1.34978	     1.49983	     1.09164	     1.40823	     1.12763	     1.13925	     1.20982	     1.35245	     1.32359	     1.35962	
   -4782.555	       0.339	       0.464	    -1.40172	    -0.91637	    -0.15917	     0.21957	     0.74224	     1.38014	     1.07413	     1.26511	     1.44919	     1.38603	     1.29987	     1.29891	     1.04763	     1.22102	     1.35617	     1.50543	     1.08774	     1.41449	     1.13359	     1.14081	     1.22194	     1.35125	     1.32796	     1.36235	
   -4777.785	       0.340	       0.467	    -1.40417	    -0.92388	    -0.16564	     0.22358	     0.74552	     1.39302	     1.07249	     1.26604	     1.45318	     1.38676	     1.29833	     1.30391	     1.04250	     1.22765	     1.36383	     1.51293	     1.08229	     1.43000	     1.12536	     1.14272	     1.23006	     1.34659	     1.33163	     1.37371	
   -4840.076	       0.337	       0.423	    -1.40855	    -0.92928	    -0.17064	     0.22061	     0.74565	     1.39422	     1.07793	     1.26820	     1.45040	     1.38461	     1.30234	     1.30355	     1.04904	     1.23139	     1.35596	     1.50837	     1.08658	     1.44080	     1.11623	     1.14289	     1.23126	     1.34179	     1.33983	     1.37279	
   -4785.196	       0.345	       0.486	    -1.41761	    -0.93493	    -0.17508	     0.21815	     0.74482	     1.39503	     1.08335	     1.26671	     1.45005	     1.38512	     1.30229	     1.30759	     1.05135	     1.22698	     1.34892	     1.51497	     1.08452	     1.45127	     1.11789	     1.14728	     1.23690	     1.34453	     1.34029	     1.37361	
   -4843.675	       0.336	       0.453	    -1.41941	    -0.93608	    -0.17721	     0.22304	     0.75066	     1.40259	     1.08780	     1.26500	     1.45208	     1.37574	     1.30400	     1.30774	     1.05447	     1.23144	     1.35206	     1.51349	     1.08224	     1.45349	     1.11083	     1.14626	     1.24141	     1.33803	     1.34635	     1.37768	
   -4814.860	       0.340	       0.463	    -1.41750	    -0.93484	    -0.17535	     0.22250	     0.75030	     1.40360	     1.09026	     1.26747	     1.45819	     1.37767	     1.30445	     1.30878	     1.05308	     1.22734	     1.34562	     1.51576	     1.08386	     1.45188	     1.10418	     1.14765	     1.24504	     1.33546	     1.34542	     1.37572	
   -4761.923	       0.335	       0.427	    -1.41682	    -0.92626	    -0.16922	     0.22747	     0.75265	     1.40735	     1.08973	     1.25871	     1.46131	     1.38576	     1.30507	     1.30912	     1.05339	     1.21504	     1.34986	     1.53381	     1.08994	     1.45244	     1.11324	     1.14078	     1.25748	     1.34827	     1.33933	     1.37221	
   -4847.683	       0.334	       0.468	    -1.42541	    -0.93273	    -0.17535	     0.22140	     0.74748	     1.39974	     1.09464	     1.26112	     1.46065	     1.38506	     1.30790	     1.31186	     1.06497	     1.22112	     1.33730	     1.54792	     1.09384	     1.44768	     1.11223	     1.13862	     1.25997	     1.33691	     1.34008	     1.37053	
   -4818.894	       0.331	       0.464	    -1.42854	    -0.93275	    -0.17697	     0.22672	     0.75000	     1.40860	     1.10310	     1.26294	     1.46895	     1.39051	     1.30957	     1.31782	     1.06660	     1.22482	     1.33082	     1.55817	     1.08554	     1.45555	     1.11603	     1.13220	     1.26592	     1.33301	     1.35118	     1.38609	
   -4853.039	       0.329	       0.460	    -1.43063	    -0.93468	    -0.17947	     0.23403	     0.75730	     1.42121	     1.10472	     1.26359	     1.46707	     1.39999	     1.31770	     1.32580	     1.06455	     1.22213	     1.32643	     1.56342	     1.08764	     1.46734	     1.11727	     1.13360	     1.26204	     1.33643	     1.35447	     1.40064	
   -4829.763	       0.335	       0.462	    -1.42968	    -0.93508	    -0.17753	     0.23795	     0.76151	     1.42679	     1.09702	     1.26077	     1.45903	     1.39732	     1.32258	     1.32682	     1.06252	     1.23051	     1.32608	     1.56367	     1.09021	     1.46799	     1.12192	     1.12889	     1.25333	     1.32859	     1.36026	     1.40811	
   -4754.318	       0.336	       0.449	    -1.43745	    -0.94428	    -0.18376	     0.23970	     0.76618	     1.43532	     1.09563	     1.26077	     1.45712	     1.39074	     1.32207	     1.32926	     1.06919	     1.23614	     1.32974	     1.55739	     1.08950	     1.48391	     1.12338	     1.14105	     1.25343	     1.32478	     1.36227	     1.40884	
   -4817.343	       0.332	       0.435	    -1.43896	    -0.94588	    -0.18696	     0.23218	     0.76286	     1.42834	     1.09871	     1.26227	     1.46476	     1.38138	     1.31993	     1.32244	     1.07123	     1.23262	     1.33669	     1.55056	     1.09384	     1.48104	     1.11133	     1.13433	     1.25123	     1.32417	     1.36797	     1.40967	
   -4763.772	       0.340	       0.437	    -1.43946	    -0.94411	    -0.18129	     0.23891	     0.76846	     1.43296	     1.09713	     1.25907	     1.46246	     1.37999	     1.31951	     1.32045	     1.07828	     1.24170	     1.33591	     1.55580	     1.08827	     1.47610	     1.11372	     1.14043	     1.26278	     1.32433	     1.37242	     1.41218	
   -4795.444	       0.335	       0.443	    -1.44029	    -0.94978	    -0.18703	     0.23782	     0.76644	     1.43716	     1.09748	     1.26498	     1.47335	     1.38811	     1.32263	     1.32992	     1.08225	     1.25262	     1.33992	     1.55794	     1.08417	     1.49171	     1.11131	     1.14842	     1.27988	     1.32931	     1.37312	     1.41757	
   -4796.229	       0.335	       0.483	    -1.44096	    -0.94885	    -0.18504	     0.24311	     0.77112	     1.43957	     1.10259	     1.26724	     1.47156	     1.39713	     1.32753	     1.32827	     1.08535	     1.25637	     1.33246	     1.56623	     1.08421	     1.49093	     1.11232	     1.14718	     1.28241	     1.34505	     1.38223	     1.41864	
   -4743.558	       0.333	       0.431	    -1.43803	    -0.94851	    -0.18038	     0.24114	     0.76938	     1.44539	     1.10368	     1.27453	     1.47249	     1.39612	     1.32292	     1.33185	     1.08011	     1.25538	     1.32500	     1.56439	     1.07213	     1.49192	     1.11157	     1.15685	     1.27710	     1.34184	     1.37809	     1.42717	
   -4835.737	       0.330	       0.470	    -1.44758	    -0.94547	    -0.18312	     0.23970	     0.76441	     1.44566	     1.10853	     1.26545	     1.46639	     1.40054	     1.31502	     1.33480	     1.08861	     1.23948	     1.32104	     1.56991	     1.06165	     1.48861	     1.12287	     1.14161	     1.27501	     1.34196	     1.36807	     1.43610	
   -4791.120	       0.340	       0.462	    -1.45071	    -0.94614	    -0.18531	     0.23810	     0.76357	     1.44595	     1.11204	     1.26620	     1.46863	     1.40141	     1.31497	     1.33613	     1.08365	     1.23421	     1.32302	     1.56970	     1.06684	     1.48783	     1.13450	     1.14127	     1.27425	     1.34012	     1.35927	     1.43810	
   -4810.991	       0.340	       0.444	    -1.45405	    -0.94861	    -0.18726	     0.23618	     0.76326	     1.44521	     1.11617	     1.27221	     1.47017	     1.39710	     1.31943	     1.33511	     1.09351	     1.24014	     1.32111	     1.55465	     1.06784	     1.49201	     1.13648	     1.14309	     1.28244	     1.33320	     1.36229	     1.43544	
   -4865.250	       0.337	       0.462	    -1.45309	    -0.95050	    -0.18992	     0.23806	     0.76362	     1.44277	     1.11657	     1.27621	     1.47482	     1.40180	     1.32000	     1.33144	     1.09242	     1.24081	     1.31794	     1.55562	     1.06487	     1.48718	     1.13247	     1.14066	     1.28971	     1.33077	     1.35527	     1.42769	
   -4820.080	       0.342	       0.459	    -1.45343	    -0.95049	    -0.18702	     0.23350	     0.75686	     1.43991	     1.11810	     1.27711	     1.46804	     1.40147	     1.31284	     1.32682	     1.09311	     1.23512	     1.30158	     1.55732	     1.04928	     1.48762	     1.13565	     1.15399	     1.27768	     1.33586	     1.34072	     1.42317	
   -4766.813	       0.337	       0.437	    -1.45756	    -0.95153	    -0.18480	     0.22753	     0.75379	     1.43723	     1.11862	     1.27891	     1.45978	     1.39334	     1.31327	     1.32551	     1.10129	     1.24056	     1.29843	     1.54211	     1.05621	     1.49400	     1.14785	     1.16104	     1.27208	     1.33472	     1.34598	     1.42421	
   -4735.142	       0.336	       0.452	    -1.45832	    -0.95198	    -0.18464	     0.22968	     0.75747	     1.44012	     1.12134	     1.28295	     1.46405	     1.40044	     1.32099	     1.33124	     1.10773	     1.23715	     1.29657	     1.54502	     1.06719	     1.49237	     1.14853	     1.17135	     1.27785	     1.34141	     1.34956	     1.42382	
   -4808.399	       0.331	       0.440	    -1.45219	    -0.94926	    -0.18540	     0.23219	     0.75931	     1.45130	     1.11258	     1.27780	     1.46259	     1.39342	     1.32514	     1.33893	     1.09209	     1.22778	     1.29172	     1.54855	     1.06753	     1.50740	     1.14092	     1.15868	     1.28197	     1.32849	     1.35675	     1.43520	
   -4783.750	       0.333	       0.455	    -1.45545	    -0.95123	    -0.18890	     0.23451	     0.75982	     1.46273	     1.11413	     1.27882	     1.46293	     1.39352	     1.32466	     1.34872	     1.09758	     1.22730	     1.29239	     1.55153	     1.06439	     1.51727	     1.13893	     1.15104	     1.28634	     1.32262	     1.35566	     1.46082	
   -4862.201	       0.336	       0.443	    -1.45171	    -0.95233	    -0.19059	     0.24033	     0.76630	     1.46640	     1.10959	     1.27958	     1.46707	     1.39045	     1.32026	     1.34798	     1.08853	     1.22506	     1.29584	     1.55081	     1.05387	     1.50866	     1.13648	     1.15651	     1.29208	     1.31778	     1.35470	     1.45561	
   -4834.656	       0.335	       0.454	    -1.45872	    -0.95545	    -0.19258	     0.23769	     0.76197	     1.46050	     1.11365	     1.28062	     1.45951	     1.39748	     1.32043	     1.34558	     1.09026	     1.21644	     1.28548	     1.55329	     1.03826	     1.51235	     1.14927	     1.16822	     1.27785	     1.32818	     1.35992	     1.44521	
   -4827.392	       0.335	       0.463	    -1.46100	    -0.95631	    -0.19227	     0.24127	     0.76823	     1.46030	     1.11124	     1.27579	     1.45791	     1.39602	     1.32413	     1.34084	     1.08896	     1.21948	     1.28075	     1.54476	     1.04655	     1.52278	     1.15957	     1.17061	     1.27138	     1.33014	     1.36240	     1.43067	
   -4842.856	       0.334	       0.443	    -1.46752	    -0.95961	    -0.19879	     0.23537	     0.76358	     1.45482	     1.11497	     1.27417	     1.46373	     1.39037	     1.32152	     1.33904	     1.09113	     1.21706	     1.28586	     1.52643	     1.04465	     1.53019	     1.16382	     1.16517	     1.27496	     1.32905	     1.36557	     1.42217	
   -4834.667	       0.341	       0.441	    -1.47173	    -0.95715	    -0.20024	     0.23491	     0.76385	     1.45661	     1.12358	     1.27206	     1.46519	     1.39426	     1.31715	     1.33801	     1.08889	     1.21085	     1.28019	     1.52830	     1.04216	     1.53361	     1.17598	     1.15952	     1.26072	     1.33761	     1.36695	     1.42108	
   -4810.890	       0.332	       0.447	    -1.47280	    -0.95563	    -0.20080	     0.23691	     0.76290	     1.46213	     1.12358	     1.27227	     1.47269	     1.39438	     1.31504	     1.34435	     1.09240	     1.21253	     1.27860	     1.53561	     1.03759	     1.54219	     1.17547	     1.15006	     1.26668	     1.33096	     1.36930	     1.42405	
   -4809.662	       0.337	       0.445	    -1.47912	    -0.95600	    -0.20249	     0.23671	     0.76467	     1.46042	     1.13011	     1.27401	     1.47993	     1.38889	     1.31642	     1.34298	     1.09662	     1.20597	     1.27893	     1.52844	     1.03727	     1.54417	     1.18677	     1.15200	     1.27105	     1.32575	     1.38161	     1.41655	
   -4809.599	       0.339	       0.450	    -1.48241	    -0.96112	    -0.20655	     0.23931	     0.77058	     1.46398	     1.13510	     1.28305	     1.48808	     1.38677	     1.32300	     1.34687	     1.09728	     1.21144	     1.27728	     1.52830	     1.03552	     1.55559	     1.19033	     1.15527	     1.27171	     1.32228	     1.39278	     1.40680	
   -4789.281	       0.341	       0.424	    -1.47590	    -0.95885	    -0.20262	     0.24226	     0.77555	     1.47205	     1.12857	     1.28266	     1.49353	     1.38780	     1.32910	     1.35379	     1.09616	     1.21436	     1.27504	     1.53574	     1.03214	     1.56773	     1.18539	     1.16054	     1.27930	     1.32490	     1.39953	     1.42256	
   -4816.463	       0.339	       0.452	    -1.47199	    -0.95812	    -0.20245	     0.23825	     0.77254	     1.47098	     1.12621	     1.28447	     1.49786	     1.38635	     1.32479	     1.35081	     1.09636	     1.21301	     1.27547	     1.53351	     1.02028	     1.57052	     1.17537	     1.15859	     1.29014	     1.32474	     1.39435	     1.42672	
   -4735.864	       0.332	       0.458	    -1.47153	    -0.95799	    -0.19875	     0.24310	     0.77604	     1.47734	     1.13118	     1.29269	     1.49931	     1.39410	     1.32426	     1.35402	     1.10445	     1.21616	     1.27054	     1.54297	     1.01587	     1.57879	     1.17190	     1.16598	     1.29747	     1.33642	     1.39063	     1.42291	
   -4810.597	       0.333	       0.443	    -1.46994	    -0.96690	    -0.20468	     0.24511	     0.77658	     1.47753	     1.12803	     1.29947	     1.49892	     1.39723	     1.32601	     1.35216	     1.09417	     1.22467	     1.26930	     1.54522	     1.01661	     1.58255	     1.15775	     1.17285	     1.30062	     1.33575	     1.39054	     1.41385	
   -4797.022	       0.338	       0.446	    -1.46796	    -0.96265	    -0.20150	     0.24844	     0.78020	     1.48224	     1.13619	     1.30067	     1.50125	     1.39553	     1.32712	     1.35529	     1.09673	     1.22165	     1.26794	     1.54406	     1.02468	     1.59168	     1.15816	     1.17682	     1.31305	     1.33781	     1.39214	     1.40983	
   -4752.376	       0.337	       0.429	    -1.46282	    -0.95851	    -0.19585	     0.25460	     0.78982	     1.49754	     1.13623	     1.30442	     1.50339	     1.40058	     1.33983	     1.37261	     1.09264	     1.22268	     1.26735	     1.54310	     1.02738	     1.60337	     1.15835	     1.18120	     1.31520	     1.33354	     1.40326	     1.42285	
   -4765.248	       0.335	       0.413	    -1.46022	    -0.95402	    -0.19261	     0.24998	     0.78830	     1.49423	     1.13456	     1.29761	     1.49776	     1.39829	     1.34137	     1.37063	     1.09109	     1.21472	     1.27487	     1.54433	     1.02728	     1.59394	     1.15566	     1.17969	     1.30986	     1.32848	     1.41046	     1.43374	
   -4762.589	       0.339	       0.421	    -1.46069	    -0.94661	    -0.18749	     0.25307	     0.79124	     1.50204	     1.13899	     1.28863	     1.49534	     1.39309	     1.33776	     1.37398	     1.09436	     1.20924	     1.27722	     1.54280	     1.02655	     1.59198	     1.16138	     1.17254	     1.31771	     1.32877	     1.40702	     1.44588	
   -4749.690	       0.337	       0.430	    -1.46290	    -0.94617	    -0.18775	     0.24934	     0.78456	     1.49523	     1.14102	     1.28618	     1.49670	     1.39522	     1.33207	     1.36841	     1.09256	     1.20508	     1.28074	     1.55581	     1.02011	     1.58397	     1.16708	     1.17306	     1.31101	     1.32966	     1.40670	     1.44088	
   -4785.340	       0.336	       0.462	    -1.46284	    -0.94580	    -0.18719	     0.25221	     0.78784	     1.50169	     1.13777	     1.28220	     1.48914	     1.39593	     1.33630	     1.37662	     1.08194	     1.20300	     1.28190	     1.55717	     1.02400	     1.59121	     1.17457	     1.17344	     1.29918	     1.32734	     1.40900	     1.44590	
   -4751.825	       0.337	       0.467	    -1.47286	    -0.95934	    -0.19606	     0.25506	     0.79336	     1.50653	     1.13661	     1.28686	     1.48324	     1.38893	     1.33806	     1.37824	     1.07606	     1.21497	     1.27146	     1.55416	     1.03521	     1.59682	     1.18401	     1.18878	     1.29734	     1.32081	     1.41195	     1.44478	
   -4765.194	       0.334	       0.447	    -1.46837	    -0.96418	    -0.19274	     0.25842	     0.79608	     1.51269	     1.13599	     1.29530	     1.47217	     1.39087	     1.33916	     1.38188	     1.07181	     1.22120	     1.24659	     1.55750	     1.03788	     1.59437	     1.17630	     1.21430	     1.28970	     1.31623	     1.40977	     1.45340	
   -4786.691	       0.335	       0.469	    -1.47019	    -0.96012	    -0.19431	     0.25697	     0.79489	     1.50990	     1.14052	     1.28774	     1.47302	     1.40208	     1.34618	     1.38879	     1.07695	     1.21266	     1.24454	     1.56907	     1.03838	     1.58944	     1.17865	     1.20713	     1.29408	     1.32080	     1.41709	     1.45643	
   -4798.790	       0.334	       0.435	    -1.46794	    -0.96120	    -0.19562	     0.25910	     0.79806	     1.51075	     1.13946	     1.29118	     1.47435	     1.40745	     1.34993	     1.38949	     1.06873	     1.20568	     1.22801	     1.56734	     1.03539	     1.58195	     1.17423	     1.20916	     1.29500	     1.32525	     1.42950	     1.45699	
   -4740.580	       0.337	       0.466	    -1.46956	    -0.96330	    -0.20086	     0.25500	     0.79216	     1.51246	     1.13507	     1.28752	     1.47650	     1.40816	     1.34483	     1.39031	     1.06654	     1.20376	     1.23320	     1.56303	     1.03535	     1.58793	     1.17379	     1.20073	     1.30075	     1.33147	     1.43262	     1.46117	
   -4829.670	       0.333	       0.459	    -1.46958	    -0.96059	    -0.20180	     0.25983	     0.79100	     1.51321	     1.13264	     1.28055	     1.46805	     1.41130	     1.34087	     1.38563	     1.06776	     1.20157	     1.23845	     1.57373	     1.02985	     1.58596	     1.17026	     1.18289	     1.28764	     1.34050	     1.43458	     1.45806	
   -4728.148	       0.332	       0.470	    -1.47254	    -0.95689	    -0.19960	     0.26130	     0.79373	     1.51664	     1.13308	     1.27727	     1.47297	     1.40166	     1.34388	     1.38443	     1.07053	     1.19211	     1.24765	     1.56733	     1.03184	     1.58839	     1.17888	     1.17813	     1.29235	     1.34179	     1.44354	     1.46103	
   -4757.707	       0.336	       0.465	    -1.46905	    -0.94734	    -0.19137	     0.26662	     0.79672	     1.51922	     1.13821	     1.27595	     1.47588	     1.40607	     1.34730	     1.38773	     1.07816	     1.18355	     1.25123	     1.58107	     1.03133	     1.58221	     1.18387	     1.17711	     1.30222	     1.34523	     1.43593	     1.46426	
   -4768.978	       0.335	       0.432	    -1.46775	    -0.94722	    -0.19325	     0.26445	     0.79300	     1.52208	     1.13438	     1.27348	     1.47855	     1.40667	     1.34475	     1.39175	     1.06832	     1.18026	     1.25643	     1.59418	     1.01917	     1.59372	     1.18759	     1.17351	     1.30696	     1.34345	     1.43144	     1.46876	
   -4852.594	       0.331	       0.452	    -1.46102	    -0.93957	    -0.18671	     0.26584	     0.79386	     1.52872	     1.13276	     1.27372	     1.47942	     1.40111	     1.34675	     1.39399	     1.06768	     1.17902	     1.26001	     1.58018	     1.00664	     1.60395	     1.19070	     1.16518	     1.30173	     1.33045	     1.43399	     1.47094	
   -4786.446	       0.327	       0.433	    -1.46042	    -0.93779	    -0.18564	     0.26605	     0.79246	     1.53969	     1.13175	     1.27234	     1.47478	     1.39727	     1.34817	     1.40457	     1.07031	     1.18732	     1.25740	     1.57367	     0.99518	     1.62392	     1.19392	     1.15695	     1.30370	     1.32301	     1.43700	     1.47937	
   -4817.242	       0.335	       0.437	    -1.45907	    -0.94025	    -0.18846	     0.26301	     0.78749	     1.53630	     1.13815	     1.28049	     1.47384	     1.40621	     1.35472	     1.40962	     1.06975	     1.18928	     1.24125	     1.58513	     0.99784	     1.63155	     1.17795	     1.14905	     1.29976	     1.33171	     1.44277	     1.48165	
   -4760.906	       0.335	       0.422	    -1.46175	    -0.94300	    -0.19377	     0.26093	     0.78473	     1.53151	     1.14298	     1.28561	     1.48342	     1.41438	     1.35515	     1.40775	     1.06660	     1.19307	     1.24877	     1.58653	     0.98648	     1.63102	     1.17561	     1.13646	     1.30658	     1.34752	     1.44958	     1.47595	
   -4714.605	       0.334	       0.450	    -1.47317	    -0.94457	    -0.19631	     0.25536	     0.77978	     1.52814	     1.15216	     1.28498	     1.48306	     1.40837	     1.34504	     1.40538	     1.08403	     1.18726	     1.25091	     1.59145	     0.98137	     1.64852	     1.18348	     1.13394	     1.31536	     1.35221	     1.44780	     1.46571	
   -4703.322	       0.333	       0.447	    -1.47633	    -0.94657	    -0.19551	     0.25698	     0.78314	     1.52279	     1.15762	     1.29175	     1.48743	     1.40754	     1.34362	     1.39543	     1.08791	     1.18701	     1.25424	     1.60020	     0.99764	     1.64353	     1.18290	     1.13999	     1.32323	     1.34721	     1.45373	     1.45254	
   -4732.399	       0.332	       0.430	    -1.48279	    -0.95372	    -0.19918	     0.25038	     0.78166	     1.51621	     1.15836	     1.29629	     1.48678	     1.40454	     1.34678	     1.39586	     1.09160	     1.18924	     1.25135	     1.59497	     0.99491	     1.64964	     1.18635	     1.15011	     1.31897	     1.33704	     1.46469	     1.44087	
   -4783.814	       0.338	       0.408	    -1.48703	    -0.95816	    -0.20083	     0.24829	     0.77975	     1.50610	     1.15903	     1.29974	     1.49365	     1.40223	     1.34342	     1.38684	     1.09015	     1.19497	     1.25242	     1.59808	     1.00043	     1.64352	     1.19635	     1.15885	     1.32713	     1.33099	     1.46101	     1.43607	
   -4759.393	       0.333	       0.441	    -1.48862	    -0.96095	    -0.20430	     0.24881	     0.78089	     1.50425	     1.15837	     1.29732	     1.49831	     1.40268	     1.34251	     1.38444	     1.08529	     1.19330	     1.25597	     1.60414	     1.00385	     1.64434	     1.19005	     1.15479	     1.33643	     1.32824	     1.45210	     1.43064	
   -4736.507	       0.328	       0.459	    -1.49424	    -0.96494	    -0.20919	     0.24796	     0.78221	     1.50655	     1.15942	     1.29703	     1.50165	     1.39951	     1.34579	     1.38514	     1.09304	     1.19928	     1.25405	     1.60806	     1.01007	     1.65303	     1.18879	     1.15063	     1.33997	     1.32133	     1.45486	     1.43360	
   -4752.179	       0.335	       0.423	    -1.49968	    -0.96526	    -0.21040	     0.25156	     0.78756	     1.50922	     1.16454	     1.29524	     1.50277	     1.40277	     1.34758	     1.38339	     1.09569	     1.19697	     1.24884	     1.60983	     1.01000	     1.65619	     1.19115	     1.14590	     1.33546	     1.31959	     1.45637	     1.42733	
   -4741.078	       0.335	       0.431	    -1.49911	    -0.96206	    -0.20967	     0.24997	     0.79110	     1.50745	     1.16564	     1.29302	     1.51040	     1.39484	     1.35084	     1.38000	     1.09277	     1.19476	     1.24174	     1.60849	     1.01154	     1.65122	     1.19541	     1.13750	     1.34438	     1.31829	     1.46680	     1.42201	
   -4715.142	       0.337	       0.442	    -1.49872	    -0.96350	    -0.20927	     0.25218	     0.79170	     1.50515	     1.17005	     1.30310	     1.52098	     1.40611	     1.36263	     1.38559	     1.09976	     1.20279	     1.23845	     1.60828	     1.01535	     1.64451	     1.19779	     1.14965	     1.35715	     1.32844	     1.47212	     1.41757	
   -4765.541	       0.330	       0.466	    -1.48883	    -0.96357	    -0.20822	     0.25429	     0.79362	     1.50498	     1.15967	     1.30734	     1.52744	     1.40462	     1.36291	     1.38648	     1.08227	     1.20966	     1.23863	     1.61007	     1.02266	     1.64011	     1.18839	     1.14992	     1.36866	     1.33432	     1.47976	     1.41731	
   -4743.037	       0.335	       0.438	    -1.48738	    -0.96815	    -0.21219	     0.25164	     0.79104	     1.50334	     1.15777	     1.31089	     1.53473	     1.41086	     1.36072	     1.39030	     1.08213	     1.21230	     1.24207	     1.60997	     1.02678	     1.64333	     1.17778	     1.15550	     1.38046	     1.33517	     1.47344	     1.41838	
   -4753.771	       0.334	       0.442	    -1.48978	    -0.97376	    -0.21759	     0.25028	     0.79102	     1.49843	     1.16117	     1.31513	     1.53882	     1.41021	     1.36175	     1.38790	     1.08121	     1.22014	     1.23777	     1.60422	     1.03766	     1.63757	     1.17317	     1.15660	     1.38209	     1.33783	     1.47575	     1.40696	
   -4856.977	       0.325	       0.439	    -1.49233	    -0.97372	    -0.22153	     0.25138	     0.79138	     1.48825	     1.16823	     1.31714	     1.54241	     1.40530	     1.35863	     1.37711	     1.08381	     1.20864	     1.23118	     1.59969	     1.04372	     1.61815	     1.17017	     1.15018	     1.38709	     1.33564	     1.48148	     1.39438	
   -4763.810	       0.338	       0.443	    -1.49227	    -0.97276	    -0.22109	     0.25452	     0.79830	     1.49093	     1.17445	     1.31750	     1.54823	     1.39703	     1.35919	     1.37338	     1.08781	     1.22025	     1.23506	     1.60012	     1.04322	     1.61592	     1.17190	     1.14211	     1.39378	     1.32674	     1.48731	     1.39158	
   -4751.036	       0.333	       0.418	    -1.49325	    -0.97450	    -0.22232	     0.25155	     0.79458	     1.48372	     1.17365	     1.31813	     1.55125	     1.39279	     1.35237	     1.36447	     1.09282	     1.22218	     1.23890	     1.60584	     1.03631	     1.61195	     1.16626	     1.14221	     1.39938	     1.32760	     1.48938	     1.38016	
   -4758.298	       0.335	       0.447	    -1.48373	    -0.97007	    -0.21693	     0.25333	     0.79829	     1.48682	     1.16665	     1.31311	     1.54674	     1.38572	     1.34662	     1.35314	     1.08391	     1.22585	     1.24477	     1.60859	     1.03397	     1.62046	     1.15848	     1.13791	     1.40489	     1.32241	     1.49819	     1.37965	
   -4749.072	       0.336	       0.449	    -1.48300	    -0.97328	    -0.22082	     0.24876	     0.79763	     1.47615	     1.16724	     1.31593	     1.55441	     1.39751	     1.36070	     1.35312	     1.07888	     1.23144	     1.25090	     1.60978	     1.04530	     1.61394	     1.15541	     1.13653	     1.42110	     1.32235	     1.50476	     1.37204	
   -4763.416	       0.329	       0.450	    -1.48226	    -0.97008	    -0.21685	     0.25289	     0.80104	     1.48526	     1.16109	     1.31370	     1.54001	     1.40431	     1.36089	     1.36123	     1.08348	     1.23922	     1.23591	     1.61966	     1.04583	     1.62686	     1.16092	     1.12757	     1.42153	     1.33246	     1.49370	     1.38127	
   -4724.646	       0.333	       0.440	    -1.47590	    -0.96829	    -0.21403	     0.25478	     0.80187	     1.48294	     1.15633	     1.31834	     1.54403	     1.40567	     1.36181	     1.35951	     1.07197	     1.24101	     1.23526	     1.62999	     1.04623	     1.61432	     1.15956	     1.13018	     1.43878	     1.33923	     1.49255	     1.38120	
   -4779.101	       0.336	       0.458	    -1.47246	    -0.96754	    -0.21033	     0.25592	     0.80371	     1.47603	     1.15363	     1.31965	     1.54299	     1.40938	     1.35796	     1.34851	     1.07127	     1.24466	     1.22737	     1.64520	     1.05040	     1.60027	     1.15954	     1.13349	     1.43700	     1.34804	     1.48979	     1.37327	
   -4772.380	       0.339	       0.437	    -1.46850	    -0.96207	    -0.20249	     0.26018	     0.80505	     1.48085	     1.15266	     1.31911	     1.54586	     1.41032	     1.35750	     1.34872	     1.07851	     1.24544	     1.22782	     1.64069	     1.04908	     1.60459	     1.15925	     1.13552	     1.43546	     1.34687	     1.48074	     1.37161	
   -4766.231	       0.341	       0.445	    -1.47285	    -0.96295	    -0.20531	     0.25958	     0.80202	     1.48179	     1.15338	     1.31717	     1.54839	     1.41027	     1.35429	     1.35082	     1.08007	     1.24558	     1.21842	     1.64066	     1.03889	     1.60073	     1.16357	     1.12656	     1.43926	     1.33763	     1.46939	     1.36902	
   -4795.111	       0.329	       0.477	    -1.46956	    -0.95202	    -0.19634	     0.26621	     0.80960	     1.47984	     1.15453	     1.31095	     1.55040	     1.41146	     1.35847	     1.34557	     1.08009	     1.23475	     1.21538	     1.63867	     1.03908	     1.58161	     1.17534	     1.12347	     1.44814	     1.33966	     1.47072	     1.36008	
   -4812.135	       0.336	       0.426	    -1.46982	    -0.94971	    -0.19604	     0.26521	     0.81164	     1.47388	     1.15593	     1.31026	     1.54912	     1.41003	     1.36215	     1.34163	     1.08305	     1.22366	     1.21081	     1.63527	     1.04008	     1.57378	     1.17886	     1.12857	     1.45384	     1.33071	     1.47226	     1.34728	
   -4739.024	       0.336	       0.432	    -1.47075	    -0.95170	    -0.19588	     0.26240	     0.80916	     1.47111	     1.15870	     1.31319	     1.55350	     1.40928	     1.36215	     1.34102	     1.07887	     1.22976	     1.21658	     1.64204	     1.03694	     1.56833	     1.18330	     1.13083	     1.45761	     1.32779	     1.46454	     1.35190	
   -4798.196	       0.330	       0.467	    -1.47371	    -0.94928	    -0.19789	     0.26202	     0.80573	     1.47360	     1.15777	     1.30522	     1.55136	     1.41007	     1.36339	     1.34537	     1.08716	     1.22348	     1.21754	     1.64400	     1.03775	     1.57270	     1.18049	     1.11971	     1.45487	     1.32805	     1.45477	     1.36264	
   -4773.278	       0.338	       0.440	    -1.47844	    -0.95187	    -0.19503	     0.26278	     0.80745	     1.47436	     1.16311	     1.31415	     1.54861	     1.40829	     1.36315	     1.34775	     1.09678	     1.23028	     1.21323	     1.63569	     1.02944	     1.57079	     1.18670	     1.12419	     1.44283	     1.32056	     1.45582	     1.36636	
   -4785.762	       0.335	       0.430	    -1.48655	    -0.95970	    -0.20058	     0.26089	     0.80631	     1.46918	     1.16700	     1.32375	     1.55107	     1.40612	     1.36554	     1.34645	     1.09479	     1.23523	     1.20979	     1.63567	     1.02394	     1.56424	     1.20041	     1.13156	     1.43666	     1.31550	     1.46795	     1.36686	
   -4734.865	       0.332	       0.405	    -1.48886	    -0.95810	    -0.20252	     0.26426	     0.80991	     1.47125	     1.16948	     1.32322	     1.55451	     1.40954	     1.37066	     1.34601	     1.10052	     1.23250	     1.21708	     1.63745	     1.02311	     1.57472	     1.20254	     1.12775	     1.44503	     1.32219	     1.48323	     1.35542	
   -4775.886	       0.336	       0.441	    -1.48255	    -0.95662	    -0.20066	     0.27065	     0.81582	     1.47942	     1.16352	     1.31926	     1.55382	     1.40299	     1.37230	     1.34685	     1.08951	     1.24115	     1.21475	     1.63359	     1.03184	     1.58673	     1.19642	     1.12746	     1.45152	     1.32204	     1.48828	     1.35975	
   -4758.048	       0.330	       0.458	    -1.47767	    -0.95765	    -0.20214	     0.26990	     0.82056	     1.46914	     1.16079	     1.31730	     1.55954	     1.40777	     1.38286	     1.33725	     1.07768	     1.23950	     1.21190	     1.63916	     1.04066	     1.57689	     1.18637	     1.12597	     1.46010	     1.32670	     1.51357	     1.34408	
   -4730.729	       0.333	       0.437	    -1.47299	    -0.95480	    -0.19974	     0.27494	     0.82100	     1.48012	     1.15825	     1.31920	     1.56788	     1.41278	     1.38259	     1.34665	     1.08093	     1.23858	     1.21308	     1.63971	     1.03480	     1.58944	     1.17924	     1.12709	     1.46555	     1.34270	     1.50681	     1.35862	
   -4738.999	       0.335	       0.461	    -1.47594	    -0.95840	    -0.20290	     0.27572	     0.82285	     1.48327	     1.15588	     1.31794	     1.56943	     1.41375	     1.38332	     1.34940	     1.08156	     1.24121	     1.20408	     1.63855	     1.03521	     1.59557	     1.17947	     1.12840	     1.47701	     1.35158	     1.50792	     1.36243	
   -4769.074	       0.332	       0.449	    -1.47514	    -0.95646	    -0.20217	     0.27923	     0.82359	     1.49080	     1.14991	     1.31352	     1.56824	     1.41374	     1.37938	     1.35590	     1.08282	     1.23871	     1.20564	     1.64216	     1.03235	     1.60212	     1.17875	     1.12112	     1.47790	     1.35268	     1.49456	     1.37112	
   -4826.015	       0.329	       0.447	    -1.47328	    -0.95521	    -0.19975	     0.27385	     0.81843	     1.48661	     1.15272	     1.31549	     1.56309	     1.41297	     1.37707	     1.36116	     1.07897	     1.24087	     1.20587	     1.63314	     1.02853	     1.59356	     1.18207	     1.11727	     1.45932	     1.34128	     1.48175	     1.36893	
   -4707.554	       0.335	       0.453	    -1.47642	    -0.95567	    -0.20135	     0.26992	     0.81669	     1.48873	     1.15645	     1.31513	     1.56969	     1.40545	     1.37656	     1.36390	     1.07936	     1.23572	     1.20786	     1.62919	     1.03825	     1.59616	     1.18809	     1.11799	     1.46737	     1.33522	     1.48211	     1.37610	
   -4716.103	       0.331	       0.435	    -1.47975	    -0.95673	    -0.19957	     0.26887	     0.81576	     1.48928	     1.15387	     1.31230	     1.56741	     1.40363	     1.36901	     1.36530	     1.09287	     1.23750	     1.20390	     1.62842	     1.03653	     1.59820	     1.18465	     1.12049	     1.46958	     1.33812	     1.48742	     1.38449	
   -4684.008	       0.330	       0.418	    -1.48216	    -0.95793	    -0.19635	     0.26158	     0.80889	     1.48522	     1.16086	     1.32177	     1.57475	     1.40826	     1.36554	     1.37193	     1.10382	     1.24679	     1.20709	     1.61761	     1.02848	     1.60733	     1.19519	     1.13263	     1.48056	     1.34120	     1.48773	     1.38519	
   -4724.351	       0.333	       0.453	    -1.47964	    -0.95779	    -0.19444	     0.26558	     0.81355	     1.49003	     1.15944	     1.32405	     1.57931	     1.41184	     1.36512	     1.37645	     1.10703	     1.25262	     1.21040	     1.61206	     1.02412	     1.60795	     1.19268	     1.13741	     1.48453	     1.35193	     1.49297	     1.39062	
   -4724.959	       0.329	       0.457	    -1.47791	    -0.95876	    -0.19371	     0.26802	     0.81504	     1.49515	     1.15863	     1.32379	     1.57359	     1.41925	     1.37047	     1.38885	     1.10772	     1.25996	     1.21635	     1.61150	     1.03436	     1.61595	     1.19162	     1.14916	     1.47798	     1.36651	     1.48947	     1.39357	
   -4761.649	       0.325	       0.412	    -1.47960	    -0.95970	    -0.19634	     0.26952	     0.81537	     1.49753	     1.15858	     1.32347	     1.57512	     1.42105	     1.36957	     1.39348	     1.10849	     1.26303	     1.22137	     1.60556	     1.03396	     1.60779	     1.19508	     1.14595	     1.48044	     1.35986	     1.48685	     1.40173	
   -4771.219	       0.330	       0.446	    -1.48542	    -0.96600	    -0.20392	     0.26484	     0.80860	     1.48884	     1.15654	     1.32373	     1.58286	     1.42349	     1.36637	     1.39241	     1.11556	     1.26784	     1.22463	     1.59349	     1.03540	     1.59902	     1.19292	     1.14181	     1.48899	     1.36587	     1.47057	     1.39223	
   -4757.163	       0.331	       0.419	    -1.48479	    -0.96336	    -0.19984	     0.26695	     0.81139	     1.49038	     1.15602	     1.31888	     1.56977	     1.43090	     1.36345	     1.39471	     1.11890	     1.26277	     1.21787	     1.59820	     1.02847	     1.58714	     1.18665	     1.13922	     1.47741	     1.37165	     1.47003	     1.39791	
   -4716.845	       0.334	       0.435	    -1.48093	    -0.95733	    -0.19369	     0.27100	     0.81020	     1.50172	     1.16164	     1.32333	     1.57239	     1.44274	     1.35367	     1.40311	     1.11844	     1.25480	     1.21711	     1.60857	     1.01794	     1.59457	     1.18927	     1.14188	     1.47142	     1.37650	     1.46057	     1.41334	
   -4741.320	       0.330	       0.452	    -1.47844	    -0.95391	    -0.19327	     0.27057	     0.80708	     1.50887	     1.16534	     1.32451	     1.57993	     1.43835	     1.34727	     1.40721	     1.12172	     1.24825	     1.22486	     1.60844	     1.01819	     1.60997	     1.17715	     1.13477	     1.48429	     1.35743	     1.44501	     1.42029	
   -4771.583	       0.335	       0.448	    -1.47955	    -0.95988	    -0.19907	     0.26818	     0.80311	     1.50745	     1.16286	     1.32616	     1.56485	     1.44416	     1.34465	     1.40365	     1.11821	     1.25102	     1.21361	     1.61524	     1.01635	     1.61710	     1.17692	     1.13984	     1.47900	     1.36166	     1.44176	     1.41119	
   -4776.528	       0.330	       0.463	    -1.47931	    -0.96035	    -0.20038	     0.26787	     0.80337	     1.51006	     1.16442	     1.32677	     1.56155	     1.44544	     1.34645	     1.40355	     1.12464	     1.25362	     1.21073	     1.61185	     1.01534	     1.61454	     1.17441	     1.14170	     1.47516	     1.35591	     1.44006	     1.41215	
   -4760.322	       0.333	       0.435	    -1.47748	    -0.95767	    -0.19868	     0.26367	     0.80021	     1.50497	     1.16509	     1.32132	     1.55822	     1.44167	     1.34622	     1.39666	     1.12301	     1.24830	     1.20591	     1.61618	     1.02128	     1.61580	     1.16875	     1.14021	     1.47760	     1.35706	     1.44311	     1.41624	
   -4730.117	       0.338	       0.451	    -1.47697	    -0.95712	    -0.19972	     0.26993	     0.80896	     1.50438	     1.16502	     1.32182	     1.56254	     1.44440	     1.35268	     1.39151	     1.11705	     1.24787	     1.20854	     1.61040	     1.02955	     1.61060	     1.17201	     1.13934	     1.48720	     1.37133	     1.45294	     1.40562	
   -4796.796	       0.331	       0.450	    -1.48257	    -0.95988	    -0.20359	     0.27334	     0.81122	     1.51093	     1.16524	     1.31927	     1.55038	     1.43685	     1.35241	     1.38843	     1.11397	     1.25318	     1.20405	     1.60471	     1.03311	     1.62025	     1.17694	     1.12838	     1.46716	     1.36547	     1.45075	     1.40877	
   -4796.019	       0.328	       0.439	    -1.48291	    -0.95537	    -0.19882	     0.27436	     0.80927	     1.50688	     1.17240	     1.32189	     1.54669	     1.44528	     1.35442	     1.38776	     1.11350	     1.26237	     1.20418	     1.61273	     1.04286	     1.61608	     1.18688	     1.11718	     1.45350	     1.35609	     1.43972	     1.40259	
   -4743.196	       0.332	       0.459	    -1.47863	    -0.95477	    -0.19448	     0.27851	     0.81340	     1.51291	     1.16886	     1.32362	     1.53916	     1.44815	     1.35641	     1.39126	     1.09912	     1.27029	     1.20094	     1.62038	     1.04563	     1.61788	     1.19159	     1.12012	     1.44528	     1.34267	     1.44203	     1.40254	
   -4726.156	       0.334	       0.435	    -1.48177	    -0.95441	    -0.19174	     0.28001	     0.81428	     1.51586	     1.17012	     1.32012	     1.52833	     1.45081	     1.36178	     1.39798	     1.10339	     1.27562	     1.19971	     1.62235	     1.04743	     1.61789	     1.20014	     1.12240	     1.43222	     1.34257	     1.44269	     1.40535	
   -4792.860	       0.335	       0.416	    -1.47975	    -0.94753	    -0.18149	     0.27992	     0.81667	     1.50936	     1.17331	     1.32106	     1.51511	     1.45019	     1.36797	     1.39566	     1.11149	     1.27795	     1.18981	     1.61685	     1.04447	     1.59444	     1.20306	     1.11482	     1.41312	     1.34464	     1.44938	     1.40521	
   -4757.011	       0.330	       0.463	    -1.48139	    -0.94042	    -0.17486	     0.28831	     0.82358	     1.51378	     1.17937	     1.31874	     1.51650	     1.45739	     1.37439	     1.40157	     1.12105	     1.27549	     1.18975	     1.62027	     1.04399	     1.58278	     1.20978	     1.10890	     1.41397	     1.34799	     1.45299	     1.41480	
   -4774.805	       0.333	       0.431	    -1.47974	    -0.93820	    -0.17540	     0.29146	     0.82437	     1.51798	     1.18200	     1.32140	     1.52006	     1.46697	     1.37903	     1.40882	     1.11500	     1.27175	     1.19204	     1.62119	     1.05238	     1.58371	     1.20912	     1.10360	     1.40983	     1.35584	     1.45039	     1.42217	
   -4790.375	       0.338	       0.432	    -1.47274	    -0.93405	    -0.17258	     0.29308	     0.82594	     1.52771	     1.17861	     1.31678	     1.51494	     1.46255	     1.37458	     1.41516	     1.10179	     1.26693	     1.19193	     1.61580	     1.05443	     1.58594	     1.20582	     1.09466	     1.40778	     1.34477	     1.44669	     1.43893	
   -4758.709	       0.333	       0.412	    -1.47040	    -0.93174	    -0.17153	     0.29934	     0.82652	     1.53567	     1.18269	     1.31922	     1.52186	     1.46695	     1.37222	     1.42077	     1.09651	     1.27500	     1.20298	     1.62267	     1.04811	     1.58953	     1.20755	     1.08914	     1.41160	     1.34677	     1.43137	     1.43657	
   -4749.218	       0.332	       0.445	    -1.47198	    -0.93141	    -0.16986	     0.30007	     0.82927	     1.53742	     1.18683	     1.32182	     1.51834	     1.46490	     1.37421	     1.41982	     1.09712	     1.28338	     1.20271	     1.62234	     1.06110	     1.59139	     1.21480	     1.08816	     1.40009	     1.33639	     1.43465	     1.43520	
   -4715.070	       0.332	       0.430	    -1.47798	    -0.93325	    -0.16988	     0.30341	     0.83130	     1.54063	     1.19408	     1.32739	     1.51751	     1.46097	     1.37472	     1.41943	     1.09802	     1.29773	     1.19954	     1.62044	     1.06565	     1.59260	     1.23038	     1.08887	     1.39342	     1.34278	     1.44427	     1.43877	
   -4728.267	       0.329	       0.433	    -1.48419	    -0.93792	    -0.17454	     0.30309	     0.82882	     1.54255	     1.19909	     1.33063	     1.51844	     1.46154	     1.37616	     1.42073	     1.10515	     1.30482	     1.19708	     1.63492	     1.06675	     1.59336	     1.23305	     1.08832	     1.38667	     1.34840	     1.44214	     1.45065	
   -4814.181	       0.331	       0.431	    -1.48426	    -0.93427	    -0.17538	     0.30160	     0.82732	     1.53845	     1.20145	     1.32624	     1.52745	     1.45876	     1.37271	     1.41604	     1.11442	     1.30131	     1.20541	     1.62710	     1.06402	     1.58315	     1.23218	     1.08000	     1.38839	     1.35385	     1.43747	     1.44767	
   -4776.398	       0.333	       0.447	    -1.48031	    -0.93180	    -0.17577	     0.29732	     0.82254	     1.52912	     1.19916	     1.32406	     1.53303	     1.46117	     1.37732	     1.41217	     1.10892	     1.28914	     1.21199	     1.62977	     1.06524	     1.57459	     1.22309	     1.07477	     1.39020	     1.35824	     1.44017	     1.44169	
   -4791.715	       0.336	       0.425	    -1.48546	    -0.92962	    -0.17884	     0.29840	     0.82073	     1.52957	     1.20107	     1.31880	     1.53847	     1.46567	     1.37625	     1.41684	     1.11571	     1.27727	     1.22291	     1.62942	     1.05947	     1.57677	     1.22999	     1.06745	     1.39721	     1.36093	     1.42865	     1.43834	
   -4852.382	       0.334	       0.409	    -1.47314	    -0.92829	    -0.17698	     0.29741	     0.82289	     1.52302	     1.18616	     1.31678	     1.53480	     1.46269	     1.37677	     1.41183	     1.10108	     1.27577	     1.22626	     1.62401	     1.06011	     1.57427	     1.21658	     1.06719	     1.39794	     1.36028	     1.43297	     1.42776	
   -4784.365	       0.329	       0.440	    -1.47092	    -0.92840	    -0.17578	     0.30075	     0.82763	     1.52518	     1.18142	     1.31588	     1.53444	     1.46719	     1.38293	     1.41486	     1.09809	     1.28276	     1.22645	     1.62588	     1.04961	     1.56772	     1.22000	     1.06046	     1.40190	     1.35044	     1.43667	     1.42608	
   -4785.104	       0.336	       0.437	    -1.47003	    -0.93334	    -0.18161	     0.29336	     0.81867	     1.51758	     1.18112	     1.31759	     1.54228	     1.47309	     1.38207	     1.41527	     1.09333	     1.28510	     1.23126	     1.63864	     1.04473	     1.56786	     1.20731	     1.05715	     1.40827	     1.34961	     1.42883	     1.42976	
   -4764.161	       0.327	       0.428	    -1.46328	    -0.93561	    -0.18357	     0.29255	     0.81600	     1.51935	     1.17184	     1.31762	     1.53706	     1.48243	     1.38605	     1.42470	     1.08182	     1.28796	     1.22600	     1.64960	     1.04032	     1.57046	     1.19363	     1.05432	     1.41234	     1.35291	     1.43114	     1.43115	
   -4783.240	       0.333	       0.456	    -1.46120	    -0.93343	    -0.18006	     0.29395	     0.81702	     1.52420	     1.16896	     1.31941	     1.54470	     1.48373	     1.38756	     1.43461	     1.08623	     1.29353	     1.21962	     1.64266	     1.03362	     1.57489	     1.19378	     1.04512	     1.42881	     1.34569	     1.43179	     1.43740	
   -4739.339	       0.331	       0.436	    -1.45929	    -0.93364	    -0.17655	     0.29313	     0.81641	     1.51963	     1.16318	     1.32115	     1.54666	     1.48584	     1.38545	     1.43405	     1.08888	     1.30177	     1.21836	     1.64716	     1.03022	     1.56521	     1.19929	     1.05671	     1.43953	     1.35079	     1.43519	     1.43706	
   -4722.257	       0.334	       0.437	    -1.45889	    -0.93021	    -0.17132	     0.29557	     0.81871	     1.52695	     1.17116	     1.33170	     1.56294	     1.48163	     1.37956	     1.43694	     1.09020	     1.30353	     1.22101	     1.65078	     1.02853	     1.57536	     1.20788	     1.05597	     1.44947	     1.34214	     1.43121	     1.44432	
   -4781.172	       0.332	       0.447	    -1.45247	    -0.92849	    -0.16905	     0.29859	     0.82279	     1.52903	     1.16318	     1.33252	     1.55905	     1.48776	     1.38400	     1.43644	     1.07878	     1.30526	     1.21612	     1.65022	     1.03180	     1.58078	     1.19899	     1.04982	     1.44360	     1.34552	     1.43395	     1.43850	
   -4740.379	       0.330	       0.439	    -1.45069	    -0.92731	    -0.16622	     0.29501	     0.81504	     1.52153	     1.16023	     1.33087	     1.55353	     1.49538	     1.37748	     1.43169	     1.08104	     1.30650	     1.21812	     1.66253	     1.02368	     1.57612	     1.20163	     1.05833	     1.44919	     1.36052	     1.42449	     1.43625	
   -4751.639	       0.330	       0.475	    -1.45112	    -0.92756	    -0.16795	     0.29926	     0.81783	     1.53008	     1.15741	     1.32636	     1.55382	     1.50377	     1.38793	     1.44588	     1.07573	     1.30507	     1.22059	     1.65690	     1.02828	     1.59637	     1.19931	     1.05259	     1.45243	     1.35758	     1.41720	     1.43032	
   -4724.493	       0.329	       0.430	    -1.45644	    -0.92908	    -0.17181	     0.29698	     0.81873	     1.53548	     1.16103	     1.32625	     1.55372	     1.51050	     1.40609	     1.46072	     1.08160	     1.30094	     1.22834	     1.64227	     1.03066	     1.61311	     1.20823	     1.05266	     1.45152	     1.35358	     1.42537	     1.43160	
   -4738.393	       0.326	       0.434	    -1.45772	    -0.92926	    -0.17240	     0.29907	     0.82117	     1.53408	     1.17129	     1.33050	     1.56005	     1.51429	     1.41300	     1.46080	     1.08862	     1.31449	     1.24269	     1.65392	     1.03575	     1.61350	     1.21413	     1.04879	     1.45694	     1.36458	     1.42876	     1.42957	
   -4751.323	       0.331	       0.447	    -1.45435	    -0.93071	    -0.17256	     0.29583	     0.81876	     1.53320	     1.17467	     1.33572	     1.56871	     1.50981	     1.41501	     1.46031	     1.08200	     1.31351	     1.25407	     1.65424	     1.03571	     1.61342	     1.21149	     1.06129	     1.46330	     1.35486	     1.42393	     1.43546	
   -4801.453	       0.331	       0.451	    -1.45854	    -0.93241	    -0.17789	     0.29211	     0.81946	     1.53044	     1.17968	     1.33193	     1.57485	     1.50526	     1.41665	     1.46034	     1.08066	     1.30885	     1.25511	     1.66069	     1.04013	     1.61976	     1.21394	     1.05541	     1.46192	     1.35152	     1.42360	     1.43317	
   -4777.838	       0.336	       0.441	    -1.46639	    -0.93549	    -0.18355	     0.29506	     0.82182	     1.53498	     1.18041	     1.32803	     1.57332	     1.50458	     1.41643	     1.46435	     1.07644	     1.29598	     1.24712	     1.65907	     1.03918	     1.62237	     1.22464	     1.05904	     1.45798	     1.36223	     1.41839	     1.43771	
   -4807.901	       0.335	       0.415	    -1.47086	    -0.93897	    -0.18594	     0.29089	     0.81720	     1.53598	     1.18290	     1.33223	     1.57655	     1.49240	     1.41368	     1.46729	     1.09387	     1.30093	     1.25047	     1.63511	     1.02979	     1.62060	     1.22214	     1.06489	     1.45686	     1.34179	     1.40620	     1.44178	
   -4800.375	       0.337	       0.402	    -1.46942	    -0.93876	    -0.18639	     0.29288	     0.82083	     1.54196	     1.17706	     1.32755	     1.57165	     1.48153	     1.41491	     1.46549	     1.08999	     1.29342	     1.25353	     1.61498	     1.04043	     1.62392	     1.21389	     1.06696	     1.44304	     1.33512	     1.40444	     1.44671	
   -4745.355	       0.340	       0.420	    -1.47810	    -0.93812	    -0.18658	     0.29085	     0.82262	     1.53524	     1.18200	     1.32112	     1.56611	     1.46981	     1.41418	     1.45394	     1.09291	     1.28973	     1.25585	     1.60456	     1.05279	     1.61395	     1.23024	     1.06432	     1.43351	     1.34375	     1.41557	     1.44467	
   -4739.439	       0.326	       0.414	    -1.47843	    -0.93025	    -0.17986	     0.29035	     0.82193	     1.53950	     1.19048	     1.31766	     1.56900	     1.47306	     1.41556	     1.46114	     1.10373	     1.28199	     1.25274	     1.61510	     1.05490	     1.62598	     1.23892	     1.06132	     1.43795	     1.33277	     1.40325	     1.44059	
   -4744.281	       0.337	       0.456	    -1.47379	    -0.93170	    -0.18144	     0.29088	     0.82307	     1.54026	     1.18946	     1.31822	     1.57778	     1.47888	     1.41864	     1.46632	     1.09371	     1.28826	     1.26309	     1.62300	     1.05999	     1.62183	     1.23969	     1.06476	     1.45467	     1.32981	     1.39745	     1.44278	
   -4721.725	       0.327	       0.435	    -1.47860	    -0.93048	    -0.18075	     0.29092	     0.82135	     1.54057	     1.19656	     1.31906	     1.58754	     1.48588	     1.41599	     1.46734	     1.09721	     1.28670	     1.26372	     1.62732	     1.06405	     1.62327	     1.25280	     1.06137	     1.46184	     1.33218	     1.38356	     1.44228	
   -4749.864	       0.335	       0.434	    -1.48482	    -0.93272	    -0.18110	     0.28654	     0.81518	     1.53455	     1.19847	     1.31678	     1.58210	     1.48798	     1.41547	     1.46977	     1.10314	     1.28626	     1.25488	     1.62258	     1.07011	     1.62421	     1.25840	     1.07081	     1.45913	     1.32958	     1.37601	     1.43628	
   -4743.757	       0.329	       0.410	    -1.48286	    -0.92775	    -0.17783	     0.28880	     0.81794	     1.54414	     1.19426	     1.30754	     1.58423	     1.49093	     1.40968	     1.48003	     1.10335	     1.27612	     1.25320	     1.62792	     1.06320	     1.64065	     1.25933	     1.06761	     1.46635	     1.33836	     1.37650	     1.44679	
   -4719.420	       0.329	       0.419	    -1.48296	    -0.92879	    -0.17889	     0.28967	     0.81538	     1.54550	     1.19352	     1.30964	     1.58701	     1.49714	     1.40550	     1.48570	     1.10490	     1.28217	     1.25518	     1.63265	     1.06304	     1.64052	     1.25645	     1.06743	     1.47581	     1.34875	     1.37056	     1.45443	
   -4663.058	       0.329	       0.435	    -1.48663	    -0.93095	    -0.17778	     0.29095	     0.81887	     1.54358	     1.19831	     1.31157	     1.58283	     1.49476	     1.40534	     1.47882	     1.11089	     1.28989	     1.25249	     1.63709	     1.06569	     1.63585	     1.26180	     1.07401	     1.48414	     1.35720	     1.38143	     1.44991	
   -4738.990	       0.326	       0.410	    -1.49357	    -0.93283	    -0.18119	     0.28392	     0.81156	     1.54189	     1.20192	     1.31188	     1.58935	     1.48883	     1.39876	     1.48103	     1.12444	     1.28505	     1.25653	     1.62796	     1.06050	     1.64743	     1.26360	     1.07252	     1.48752	     1.34693	     1.37468	     1.44965	
   -4780.935	       0.334	       0.427	    -1.49273	    -0.93451	    -0.18623	     0.28075	     0.80669	     1.53706	     1.19821	     1.31158	     1.59019	     1.48195	     1.39661	     1.46943	     1.11993	     1.27611	     1.25108	     1.63297	     1.06279	     1.64663	     1.25832	     1.07462	     1.49019	     1.34725	     1.37567	     1.44812	
   -4788.643	       0.335	       0.423	    -1.49402	    -0.93831	    -0.19443	     0.28105	     0.80310	     1.53661	     1.19578	     1.31454	     1.59897	     1.48026	     1.39624	     1.46546	     1.11616	     1.26546	     1.24217	     1.64160	     1.06391	     1.64034	     1.25218	     1.07574	     1.49549	     1.34172	     1.36593	     1.45330	
   -4757.293	       0.332	       0.414	    -1.49308	    -0.93970	    -0.19611	     0.27590	     0.79646	     1.52888	     1.19558	     1.31939	     1.60507	     1.47939	     1.39661	     1.46005	     1.11510	     1.25806	     1.23955	     1.64174	     1.06792	     1.63751	     1.24968	     1.08490	     1.49684	     1.34267	     1.36328	     1.45178	
   -4744.210	       0.336	       0.433	    -1.49459	    -0.94034	    -0.19763	     0.27467	     0.79919	     1.51427	     1.19317	     1.31699	     1.60704	     1.48350	     1.40159	     1.44704	     1.11482	     1.24912	     1.25037	     1.64123	     1.08375	     1.62172	     1.25111	     1.08963	     1.50633	     1.35429	     1.36870	     1.43091	
   -4727.246	       0.330	       0.436	    -1.49367	    -0.94012	    -0.19672	     0.27709	     0.80069	     1.52189	     1.19689	     1.32704	     1.61746	     1.48590	     1.40623	     1.45688	     1.12064	     1.24095	     1.25190	     1.64920	     1.08815	     1.63222	     1.24857	     1.10134	     1.51984	     1.34786	     1.35336	     1.43416	
   -4783.848	       0.324	       0.449	    -1.48853	    -0.93686	    -0.19219	     0.27718	     0.80261	     1.51906	     1.19409	     1.33112	     1.62116	     1.47781	     1.41792	     1.45883	     1.12363	     1.24041	     1.24708	     1.64177	     1.08501	     1.62703	     1.23939	     1.09976	     1.52187	     1.34111	     1.36617	     1.43199	
