flexMIRT(R) Engine Version 3.62 (64-bit)
Flexible Multilevel Multidimensional Item Response Modeling and Test Scoring
(C) 2013-2020 Vector Psychometric Group, LLC., Chapel Hill, NC, USA

Fit Model
10 Items 3PL N=500 Non-Normal Priors

Summary of the Data and Dimensions
   Missing data code        -9
     Number of Items        10
     Number of Cases       500
 # Latent Dimensions         1
      Latent Density   EmpH-L1

Item  Categories       Model
   1           2         3PL
   2           2         3PL
   3           2         3PL
   4           2         3PL
   5           2         3PL
   6           2         3PL
   7           2         3PL
   8           2         3PL
   9           2         3PL
  10           2         3PL

Miscellaneous Control Values 
Random number seed:           1

Output Files
Text results and control parameters: EHsim-ssc.txt

Fit Model
10 Items 3PL N=500 Non-Normal Priors

3PL Items for Group 1: Group1
    Item       a       c       b logit-g       g
       1    1.30   -0.69    0.53   -1.34    0.21
       2    1.41   -1.30    0.92   -0.97    0.28
       3    1.05    0.42   -0.40   -1.64    0.16
       4    1.26    0.40   -0.32   -2.10    0.11
       5    2.43   -1.35    0.56   -1.59    0.17
       6    1.67   -0.56    0.33   -1.72    0.15
       7    3.12   -0.26    0.08   -1.13    0.24
       8    2.09   -1.56    0.75   -1.71    0.15
       9    1.17    0.73   -0.62   -2.79    0.06
      10    1.10   -0.14    0.13   -1.66    0.16

Empirical Histogram for Group   1: Group1

Quadrature Point            Ordinate
          -6.000       3.4105699e-17
          -5.900       1.3351400e-16
          -5.800       3.8797499e-16
          -5.700       1.0785500e-15
          -5.600       2.9770399e-15
          -5.500       8.1171797e-15
          -5.400       2.1833499e-14
          -5.300       5.9034198e-14
          -5.200       1.6368099e-13
          -5.100       4.6173499e-13
          -5.000       1.3063400e-12
          -4.900       3.6703899e-12
          -4.800       1.0216000e-11
          -4.700       2.8257699e-11
          -4.600       7.7871797e-11
          -4.500       2.1376599e-10
          -4.400       5.8096098e-10
          -4.300       1.5500300e-09
          -4.200       4.0650599e-09
          -4.100       1.0647800e-08
          -4.000       2.8405099e-08
          -3.900       7.7070598e-08
          -3.800       2.0751299e-07
          -3.700       5.3691498e-07
          -3.600       1.3142400e-06
          -3.500       3.0688099e-06
          -3.400       6.9137698e-06
          -3.300       1.5056200e-05
          -3.200       3.1611099e-05
          -3.100       6.3402798e-05
          -3.000       1.2039200e-04
          -2.900       2.1855899e-04
          -2.800       3.8558599e-04
          -2.700       6.5722298e-04
          -2.600       1.0718300e-03
          -2.500       1.6623099e-03
          -2.400       2.4425699e-03
          -2.300       3.4236499e-03
          -2.200       4.6165999e-03
          -2.100       6.0205698e-03
          -2.000       7.6393398e-03
          -1.900       9.4606997e-03
          -1.800       1.1438100e-02
          -1.700       1.3531800e-02
          -1.600       1.5661899e-02
          -1.500       1.7640099e-02
          -1.400       1.9212699e-02
          -1.300       2.0129299e-02
          -1.200       2.0261199e-02
          -1.100       1.9750199e-02
          -1.000       1.9055299e-02
          -0.900       1.8852299e-02
          -0.800       1.9885499e-02
          -0.700       2.2853199e-02
          -0.600       2.8100099e-02
          -0.500       3.4744599e-02
          -0.400       3.9841799e-02
          -0.300       4.0131899e-02
          -0.200       3.5959599e-02
          -0.100       3.1072899e-02
          -0.000       2.8537799e-02
           0.100       2.9186599e-02
           0.200       3.2284399e-02
           0.300       3.5984799e-02
           0.400       3.8136599e-02
           0.500       3.7831799e-02
           0.600       3.5888799e-02
           0.700       3.3715999e-02
           0.800       3.2230999e-02
           0.900       3.1617699e-02
           1.000       3.1516499e-02
           1.100       3.1253999e-02
           1.200       3.0068299e-02
           1.300       2.7430199e-02
           1.400       2.3354499e-02
           1.500       1.8436999e-02
           1.600       1.3507100e-02
           1.700       9.2132197e-03
           1.800       5.8821398e-03
           1.900       3.5439099e-03
           2.000       2.0323499e-03
           2.100       1.1235500e-03
           2.200       6.0801498e-04
           2.300       3.2263099e-04
           2.400       1.6672099e-04
           2.500       8.3812097e-05
           2.600       4.0905899e-05
           2.700       1.9396699e-05
           2.800       9.0069797e-06
           2.900       4.1009199e-06
           3.000       1.8152099e-06
           3.100       7.7453798e-07
           3.200       3.1639499e-07
           3.300       1.2439000e-07
           3.400       4.8144698e-08
           3.500       1.8577999e-08
           3.600       7.1045998e-09
           3.700       2.6849899e-09
           3.800       1.0026100e-09
           3.900       3.7126599e-10
           4.000       1.3822200e-10
           4.100       5.1903998e-11
           4.200       1.9420899e-11
           4.300       7.1566398e-12
           4.400       2.6036799e-12
           4.500       9.4081397e-13
           4.600       3.4535199e-13
           4.700       1.3086100e-13
           4.800       5.0017698e-14
           4.900       1.8969999e-14
           5.000       7.0933398e-15
           5.100       2.5951599e-15
           5.200       9.3758797e-16
           5.300       3.4235599e-16
           5.400       1.2486600e-16
           5.500       4.4446099e-17
           5.600       1.5534599e-17
           5.700       5.4179798e-18
           5.800       1.8440899e-18
           5.900       5.6358398e-19
           6.000       7.5623298e-20

Fit Model
10 Items 3PL N=500 Non-Normal Priors

Group Parameter Estimates:
   Group               Label      mu      s2      sd
       1              Group1    0.00    1.00    1.00

Fit Model
10 Items 3PL N=500 Non-Normal Priors

Item Information Function Values at 15 Values of theta from -2.80 to 2.80 for Group 1: Group1
                      Theta:
  Item               Label  -2.8  -2.4  -2.0  -1.6  -1.2  -0.8  -0.4  -0.0   0.4   0.8   1.2   1.6   2.0   2.4   2.8
     1                  v1  0.00  0.00  0.01  0.02  0.04  0.08  0.14  0.21  0.27  0.28  0.26  0.20  0.15  0.10  0.06
     2                  v2  0.00  0.00  0.00  0.00  0.01  0.03  0.06  0.12  0.20  0.27  0.29  0.26  0.20  0.14  0.09
     3                  v3  0.02  0.04  0.07  0.10  0.14  0.18  0.20  0.20  0.18  0.15  0.12  0.09  0.06  0.04  0.03
     4                  v4  0.02  0.04  0.07  0.13  0.20  0.27  0.32  0.32  0.28  0.22  0.16  0.11  0.07  0.04  0.03
     5                  v5  0.00  0.00  0.00  0.00  0.01  0.03  0.15  0.48  0.94  1.03  0.68  0.33  0.14  0.05  0.02
     6                  v6  0.00  0.00  0.01  0.02  0.05  0.13  0.27  0.43  0.52  0.48  0.35  0.22  0.13  0.07  0.04
     7                  v7  0.00  0.00  0.00  0.00  0.01  0.09  0.52  1.38  1.34  0.63  0.21  0.06  0.02  0.01  0.00
     8                  v8  0.00  0.00  0.00  0.00  0.01  0.03  0.10  0.31  0.62  0.81  0.70  0.44  0.23  0.11  0.05
     9                  v9  0.05  0.09  0.14  0.20  0.26  0.30  0.30  0.28  0.23  0.17  0.12  0.08  0.05  0.04  0.02
    10                 v10  0.01  0.02  0.03  0.06  0.09  0.14  0.18  0.21  0.22  0.21  0.17  0.14  0.10  0.07  0.05

         Test Information:  1.10  1.18  1.32  1.53  1.81  2.27  3.25  4.94  5.79  5.24  4.06  2.94  2.15  1.67  1.39
            Expected s.e.:  0.95  0.92  0.87  0.81  0.74  0.66  0.55  0.45  0.42  0.44  0.50  0.58  0.68  0.77  0.85
Marginal reliability for response pattern scores: 0.67

Wed Nov 18 15:04:54 2020

Product: flexMIRT®
Master key: dfe1e4f6-aac2-4d7b-af27-02449fa06087
Installation key: e976fbb4-21dd-4c03-83b7-30f2a4040eec
Valid until: 1/25/2032 11:00:00 PM