1	v1	1	7	2	2	-0.9126709	1.8717211	0.0000000	0.0000000	0.0000000	0.0000000	0.0000000	0.0000000
1	v2	1	7	2	2	-1.0059703	0.0000000	2.0447627	0.0000000	0.0000000	0.0000000	0.0000000	0.0000000
1	v3	1	7	2	2	-0.9606497	0.0000000	0.0000000	2.0140638	0.0000000	0.0000000	0.0000000	0.0000000
1	v4	1	7	2	2	-2.4370746	2.0467365	1.8584447	0.0000000	1.0337865	0.0000000	0.0000000	0.0000000
1	v5	1	7	2	2	-2.2415657	1.7890331	0.0000000	1.7248708	0.0000000	1.3827605	0.0000000	0.0000000
1	v6	1	7	2	2	-2.5371270	0.0000000	2.1508384	2.1019737	0.0000000	0.0000000	1.1095883	0.0000000
1	v7	1	7	2	2	-3.6291279	2.4675740	2.1279861	2.0606254	0.8146077	0.7549417	0.9814350	-1.2967073
0	G	1	7	2	8	3	0.0000000	0.0000000	0.0000000	0.0000000	0.0000000	0.0000000	0.0000000	1.0000000	0.0000000	1.0000000	0.0000000	0.0000000	1.0000000	0.0000000	0.0000000	0.0000000	1.0000000	0.0000000	0.0000000	0.0000000	0.0000000	1.0000000	0.0000000	0.0000000	0.0000000	0.0000000	0.0000000	1.0000000	0.0000000	0.0000000	0.0000000	0.0000000	0.0000000	0.0000000	1.0000000	2.4810623e-01	7.3550378e-02	9.9272554e-02	9.1196529e-02	8.6341795e-02	9.1349631e-02	9.3586297e-02	2.1659659e-01
1	a	2	1	3	8	0	0.0000000	0.0000000	0.0000000	0.0000000	0.0000000	0.0000000	0.0000000	0.0000000	1	-1.2158864	-0.9159878	-1.0008402	-1.0555432	-0.9991627	-0.9749730	-0.1358204
0	D	2	1	0	0.0000000	1.0000000
