1	v1	1	10	2	2	-1.6703295	1.8713590	0.0000000	0.0000000	0.0000000	0.0000000	0.0000000	0.0000000	0.0000000	0.0000000	0.0000000
1	v2	1	10	2	2	-1.1422818	1.9275834	0.0000000	0.0000000	0.0000000	0.0000000	0.0000000	0.0000000	0.0000000	0.0000000	0.0000000
1	v3	1	10	2	2	-0.6253402	1.8961605	0.0000000	0.0000000	0.0000000	0.0000000	0.0000000	0.0000000	0.0000000	0.0000000	0.0000000
1	v4	1	10	2	2	-0.3369198	0.0000000	2.3847615	0.0000000	0.0000000	0.0000000	0.0000000	0.0000000	0.0000000	0.0000000	0.0000000
1	v5	1	10	2	2	-1.1717477	0.0000000	2.2287127	0.0000000	0.0000000	0.0000000	0.0000000	0.0000000	0.0000000	0.0000000	0.0000000
1	v6	1	10	2	2	1.5381758	0.0000000	1.8726547	0.0000000	0.0000000	0.0000000	0.0000000	0.0000000	0.0000000	0.0000000	0.0000000
1	v7	1	10	2	2	-1.5491220	0.0000000	0.0000000	2.0110847	0.0000000	0.0000000	0.0000000	0.0000000	0.0000000	0.0000000	0.0000000
1	v8	1	10	2	2	-1.0920578	0.0000000	0.0000000	2.1563731	0.0000000	0.0000000	0.0000000	0.0000000	0.0000000	0.0000000	0.0000000
1	v9	1	10	2	2	-0.5151945	0.0000000	0.0000000	1.6339312	0.0000000	0.0000000	0.0000000	0.0000000	0.0000000	0.0000000	0.0000000
1	v10	1	10	2	2	0.0440899	0.0000000	0.0000000	0.0000000	2.5312436	0.0000000	0.0000000	0.0000000	0.0000000	0.0000000	0.0000000
1	v11	1	10	2	2	0.8251373	0.0000000	0.0000000	0.0000000	1.7038250	0.0000000	0.0000000	0.0000000	0.0000000	0.0000000	0.0000000
1	v12	1	10	2	2	1.2392390	0.0000000	0.0000000	0.0000000	1.8973425	0.0000000	0.0000000	0.0000000	0.0000000	0.0000000	0.0000000
1	v13	1	10	2	2	3.1067664	0.0000000	0.0000000	0.0000000	0.0000000	0.0000000	0.0000000	0.0000000	0.0000000	0.0000000	0.7396715
1	v14	1	10	2	2	2.0117863	0.0000000	0.0000000	0.0000000	0.0000000	0.0000000	0.0000000	0.0000000	0.0000000	0.0000000	1.3319384
1	v15	1	10	2	2	-0.5170934	0.0000000	0.0000000	0.0000000	0.0000000	0.0000000	0.0000000	0.0000000	0.0000000	0.0000000	1.5814327
0	G	1	10	2	16	4	0.0000000	0.0000000	0.0000000	0.0000000	0.0000000	0.0000000	0.0000000	0.0000000	0.0000000	0.0000000	1.0000000	0.0000000	1.0000000	0.0000000	0.0000000	1.0000000	0.0000000	0.0000000	0.0000000	1.0000000	0.0000000	0.0000000	0.0000000	0.0000000	1.0000000	0.0000000	0.0000000	0.0000000	0.0000000	0.0000000	1.0000000	0.0000000	0.0000000	0.0000000	0.0000000	0.0000000	0.0000000	1.0000000	0.0000000	0.0000000	0.0000000	0.0000000	0.0000000	0.0000000	0.0000000	1.0000000	0.0000000	0.0000000	0.0000000	0.0000000	0.0000000	0.0000000	0.0000000	0.0000000	1.0000000	0.0000000	0.0000000	0.0000000	0.0000000	0.0000000	0.0000000	0.0000000	0.0000000	0.0000000	1.0000000	1.4759970e-01	1.1509566e-01	6.1134063e-02	2.2000606e-01	7.9709809e-03	1.9837224e-02	1.2482331e-02	1.2498252e-01	1.4699478e-03	6.4159160e-03	4.4092541e-03	7.7051738e-02	3.5447629e-04	4.2988976e-03	3.4940022e-03	1.9339723e-01
1	a1	2	1	2	2	-1.9048674	2.9790998
1	a2	2	1	2	2	-0.8805758	1.9375981
1	a3	2	1	2	2	1.6223109	2.6172099
1	a4	2	1	2	2	2.0203377	2.2532794
0	D	2	1	0	0.0000000	1.0000000
