2 2 0 2 0 1.69411
0 0 0 0 1 -1.33926
2 2 0 0 2 -0.0399422
2 2 2 2 3 0.832132
2 1 2 2 4 -0.326936
2 1 2 0 5 -0.116669
2 2 1 1 6 0.882444
2 0 0 0 7 -0.638039
2 1 0 0 8 -1.04373
2 2 2 2 9 -0.719119
2 1 0 0 10 -1.32159
2 2 1 2 11 1.28789
2 2 0 1 12 0.275804
0 1 0 2 13 -1.13906
0 2 0 0 14 0.195558
1 2 2 2 15 0.409146
0 2 0 0 16 -0.300615
2 2 2 2 17 0.308986
2 2 2 2 18 1.23811
2 2 2 0 19 -0.283515
2 1 0 1 20 -0.0821992
2 1 0 0 21 -1.6168
2 2 0 1 22 0.0991112
2 2 1 1 23 0.381176
2 1 1 0 24 -0.636192
0 2 0 0 25 -0.711245
2 2 1 1 26 0.916274
2 0 1 2 27 0.910578
2 2 0 0 28 -0.467162
1 2 0 0 29 -0.690134
2 2 2 1 30 0.66251
2 2 0 0 31 -0.898596
2 2 0 2 32 -0.0923102
2 2 2 0 33 -1.33317
0 2 2 2 34 0.70682
0 0 0 0 35 -1.49752
1 2 1 1 36 0.328387
2 2 2 2 37 1.14848
1 2 1 0 38 0.44575
1 2 2 2 39 0.647477
0 2 0 2 40 -0.383593
2 2 0 0 41 -1.96441
2 0 0 1 42 -0.265341
2 1 2 2 43 1.55402
2 2 0 1 44 -0.245727
2 2 0 2 45 0.482875
0 1 0 1 46 -1.80346
2 2 2 1 47 0.276554
2 2 1 2 48 0.636715
2 2 0 2 49 0.526831
2 2 0 0 50 -0.839628
2 2 2 1 51 0.332599
0 0 0 1 52 -0.686039
1 2 1 0 53 0.491575
2 1 0 2 54 -0.50712
2 2 1 0 55 -1.01949
0 2 0 2 56 0.0773299
0 2 1 0 57 -0.322003
2 1 0 1 58 -0.608171
2 2 2 2 59 1.95228
2 2 1 0 60 0.390159
2 2 2 0 61 1.55076
0 1 0 0 62 -1.72028
0 2 2 0 63 -0.048335
0 1 0 0 64 -1.3061
0 2 0 2 65 -0.971431
2 2 2 2 66 0.475929
2 2 0 2 67 1.09324
2 0 0 2 68 0.0327743
2 0 0 0 69 -0.164137
2 2 1 1 70 0.922954
2 2 0 2 71 0.499515
0 0 0 0 72 -2.99013
1 2 2 0 73 0.613712
0 0 0 2 74 -0.696896
2 2 2 0 75 0.241808
2 0 0 0 76 -0.0700872
2 1 2 2 77 0.901782
0 0 1 0 78 0.0831534
0 2 0 2 79 -0.516004
1 1 2 2 80 2.09432
2 1 2 0 81 0.852951
2 2 0 2 82 -0.55478
2 1 2 2 83 1.46287
2 2 2 0 84 -0.706597
1 0 0 0 85 -0.392878
2 2 2 0 86 0.38986
2 2 2 2 87 -0.149727
0 0 0 0 88 -2.55109
0 1 1 0 89 -0.446033
2 2 2 0 90 -0.426044
0 2 0 2 91 0.0245847
2 2 0 0 92 -0.163608
2 1 0 1 93 -0.242766
2 0 2 0 94 -0.587289
1 2 2 0 95 -0.0991624
2 2 0 0 96 -0.662269
0 2 0 0 97 -1.01965
2 2 2 2 98 0.96974
2 2 2 0 99 -0.13348
0 1 0 0 100 -2.70748
2 0 0 0 101 -1.1993
2 0 0 2 102 1.36117
0 0 0 0 103 -0.726401
2 2 2 0 104 0.85879
2 2 1 1 105 1.18802
2 2 2 1 106 1.27294
2 2 0 0 107 -1.09525
2 2 2 1 108 -0.0305021
2 0 0 0 109 -0.0872841
0 2 0 0 110 0.40332
2 2 2 1 111 1.0465
1 2 2 0 112 -0.316699
0 0 0 0 113 -0.417694
2 1 0 0 114 0.18096
2 2 0 1 115 -0.00695087
2 2 0 0 116 -0.655198
2 0 0 0 117 -0.567915
2 1 1 0 118 -0.331184
2 2 1 2 119 1.0224
2 2 0 0 120 -1.16118
2 0 0 2 121 -0.0105405
2 2 2 2 122 1.29041
1 1 1 0 123 -0.797893
2 2 0 0 124 0.136253
2 2 1 0 125 -0.719214
2 2 2 2 126 1.67625
1 1 0 2 127 -0.0597943
2 0 1 0 128 0.802395
2 2 2 2 129 1.59741
1 2 2 0 130 -0.440263
2 2 0 1 131 -0.105099
2 2 2 0 132 -0.378917
2 2 2 0 133 -0.139952
2 2 0 1 134 -0.341736
1 2 0 0 135 0.0581274
2 1 1 2 136 0.548372
2 0 0 0 137 -1.31684
2 2 0 0 138 0.214369
1 0 2 1 139 0.597423
0 2 0 0 140 -1.53435
2 2 2 2 141 1.07677
2 2 2 2 142 1.81875
0 2 0 2 143 0.880665
2 2 0 0 144 -0.0411556
1 2 0 1 145 0.390476
1 1 0 1 146 -0.648222
2 0 0 0 147 -1.239
2 2 1 2 148 0.48552
2 2 0 0 149 -0.478133
1 2 2 0 150 -0.880952
2 2 1 2 151 0.43938
0 1 0 0 152 -1.49884
2 2 0 2 153 0.594737
2 2 0 0 154 -0.243143
2 1 0 2 155 -0.103721
0 2 0 2 156 0.816838
0 2 0 2 157 0.375544
2 2 1 2 158 0.512135
2 2 2 2 159 1.74707
2 2 2 0 160 0.662313
2 2 0 0 161 -0.309334
2 1 0 2 162 -0.527699
2 1 0 0 163 -1.30899
1 2 0 0 164 0.207051
1 0 1 1 165 0.223568
1 1 0 0 166 -0.592827
2 2 2 2 167 0.965387
2 0 2 2 168 1.56666
2 2 2 2 169 1.10557
0 1 1 0 170 0.0892973
2 1 2 1 171 -0.383242
2 0 0 0 172 -0.417177
2 2 2 2 173 1.34293
2 2 0 0 174 -0.611918
1 0 0 0 175 -0.583138
2 2 2 2 176 1.35461
2 0 0 1 177 -0.459327
1 2 1 1 178 -0.154616
0 0 1 1 179 -0.791529
0 2 0 0 180 -1.64806
2 2 2 0 181 -0.75113
2 2 2 0 182 1.15619
2 2 1 1 183 1.05389
2 2 2 0 184 -0.565003
0 2 2 2 185 0.21638
1 2 0 0 186 -0.938723
1 1 0 2 187 -0.0220805
2 2 0 0 188 -0.323
1 2 0 0 189 -0.614744
0 2 0 2 190 0.107573
2 2 0 2 191 0.351149
2 2 2 0 192 0.315727
2 1 0 0 193 -0.853917
1 2 2 2 194 1.18429
2 2 2 0 195 -0.0707169
2 2 0 0 196 0.65663
2 1 1 2 197 -0.386369
2 1 0 2 198 -0.735592
1 2 1 1 199 1.41503
2 1 0 0 200 0.161658
2 0 1 0 201 -1.4854
0 2 1 0 202 -1.64246
2 2 1 2 203 0.957589
1 2 1 2 204 0.559536
2 2 0 0 205 -0.701468
0 2 2 2 206 0.990417
2 2 2 0 207 0.4448
2 2 1 2 208 -0.287088
2 1 0 2 209 0.96951
2 2 2 1 210 0.273592
2 2 2 0 211 -0.559786
2 2 0 0 212 0.217658
2 2 2 0 213 0.435097
0 0 2 2 214 -0.12689
2 1 0 0 215 -1.27483
2 2 2 2 216 1.66228
0 2 0 0 217 -0.845838
2 2 2 2 218 1.41742
2 2 2 0 219 -0.404751
2 2 1 2 220 1.76681
2 1 0 0 221 -0.622358
2 2 1 0 222 0.0428757
1 2 0 0 223 -0.686457
2 2 2 2 224 0.88827
2 0 1 0 225 -0.0618763
2 2 2 2 226 2.03823
0 1 2 2 227 0.276357
2 0 2 2 228 1.34672
2 2 0 2 229 1.10418
0 0 0 0 230 -0.508324
2 2 0 0 231 0.709929
2 2 2 2 232 -0.155249
2 2 0 0 233 0.101706
2 2 1 0 234 -0.180597
1 2 2 2 235 0.996937
2 1 2 2 236 -0.6717
1 2 0 0 237 -0.899845
2 2 2 2 238 0.885191
2 1 0 0 239 -2.28446
2 2 2 2 240 0.798828
0 2 2 0 241 1.21411
2 1 0 2 242 1.81324
2 2 0 1 243 1.01714
2 0 0 0 244 -1.06068
2 2 0 0 245 -0.654756
2 0 0 0 246 -1.75976
2 2 2 2 247 1.18447
1 0 0 1 248 -1.95778
2 2 0 0 249 0.273464
2 2 2 2 250 1.60901
2 0 0 0 251 -0.755091
2 2 1 2 252 0.721601
2 2 0 0 253 -1.29702
2 2 0 2 254 -0.425041
2 2 2 1 255 -0.0979696
2 2 2 0 256 0.408413
2 2 2 0 257 1.59641
2 2 0 2 258 0.613321
2 2 0 0 259 -0.886613
2 1 0 0 260 -1.38717
2 2 1 2 261 -0.130177
2 0 0 0 262 -1.02613
2 2 2 1 263 1.48451
2 2 0 2 264 0.665222
0 2 1 1 265 -0.349138
2 2 0 0 266 0.761446
2 2 0 0 267 -1.20982
2 2 2 1 268 0.813969
2 2 2 2 269 1.96171
2 2 0 0 270 0.272318
2 2 0 1 271 1.20596
1 2 1 1 272 -0.2035
1 1 1 1 273 0.108518
2 0 0 0 274 -0.885389
2 2 0 0 275 0.0669142
0 1 0 2 276 -0.0670053
2 2 1 2 277 0.657914
1 2 0 0 278 0.701594
1 1 0 0 279 -1.0504
2 0 2 2 280 1.99509
2 2 2 1 281 0.689378
2 1 0 0 282 -0.511509
2 2 1 2 283 1.10404
2 2 2 2 284 0.808708
1 2 1 2 285 0.476449
2 2 0 0 286 0.459419
2 2 1 2 287 1.89771
2 0 0 0 288 -1.68905
2 2 2 2 289 1.56091
2 2 2 1 290 2.02731
2 2 0 2 291 -1.10677
2 1 0 0 292 -1.92686
2 2 0 1 293 -0.526613
2 2 0 0 294 -1.44458
0 1 0 0 295 -2.00619
2 2 2 0 296 1.05064
0 0 0 0 297 -2.84722
1 2 0 0 298 0.115337
2 0 2 0 299 -0.479649
2 2 0 0 300 -1.13203
0 2 2 2 301 0.397892
2 2 2 0 302 -0.381322
2 1 2 1 303 1.04333
1 2 2 0 304 0.366227
1 2 0 0 305 -0.805793
0 1 0 0 306 -0.553802
2 2 2 1 307 0.655952
2 2 1 2 308 1.6307
2 2 2 1 309 0.48275
2 0 0 0 310 -1.00168
1 1 0 0 311 -1.36294
2 2 0 0 312 -0.338844
1 2 0 0 313 0.215943
2 0 2 2 314 0.135985
2 2 0 0 315 -0.971217
2 2 2 2 316 1.52091
2 2 2 0 317 -2.22875
2 2 1 1 318 0.728218
2 2 0 0 319 -0.513622
2 2 0 2 320 -0.156449
1 2 0 2 321 0.143141
2 2 1 2 322 1.16949
2 2 0 0 323 -1.24991
0 2 2 2 324 0.858706
0 1 2 2 325 0.0262493
2 2 2 2 326 2.21595
1 2 0 0 327 -0.845877
1 2 2 2 328 0.699105
2 1 0 0 329 -1.09532
1 2 2 2 330 0.631926
2 2 2 2 331 2.70008
2 1 2 1 332 0.511538
2 1 0 0 333 -0.712867
2 2 2 2 334 0.653054
2 2 2 2 335 2.30099
2 2 2 0 336 0.0591512
2 2 1 2 337 1.19704
2 2 2 2 338 1.69704
2 1 1 0 339 -0.418546
2 2 1 2 340 0.498743
0 2 0 2 341 0.442197
2 1 0 0 342 -0.664004
2 2 0 0 343 -1.38304
0 0 1 1 344 -0.00839626
1 2 0 0 345 0.324436
2 0 0 0 346 -1.22111
2 1 0 0 347 -0.887
1 2 2 2 348 0.552539
1 2 0 0 349 -0.0908841
2 2 2 1 350 1.112
1 2 0 2 351 0.702907
0 1 0 0 352 -0.30756
2 2 1 2 353 0.241974
2 0 0 1 354 -0.541515
1 2 0 2 355 -0.282789
2 2 2 2 356 2.45579
2 1 0 1 357 -0.347849
2 2 2 0 358 2.06833
0 0 0 0 359 -1.88886
2 2 2 2 360 1.90243
0 0 0 0 361 -1.26187
0 1 0 1 362 -0.859479
2 2 2 2 363 1.03787
0 1 2 0 364 -1.51281
1 0 0 0 365 -2.1946
2 2 0 0 366 0.0130581
0 2 0 0 367 -2.39556
2 2 0 0 368 0.0194263
2 1 2 0 369 0.87334
2 2 1 2 370 0.138961
2 2 2 2 371 2.40989
2 1 1 0 372 -0.488067
2 2 0 1 373 0.3735
0 2 1 1 374 -0.378965
2 0 0 0 375 -2.15377
2 2 0 0 376 0.64679
2 2 2 1 377 0.167394
2 2 0 0 378 0.837746
2 2 1 0 379 0.0428755
2 2 0 0 380 -1.18204
2 2 1 1 381 0.037305
2 2 2 1 382 1.56366
0 2 2 1 383 0.0620143
2 2 0 0 384 -0.706029
2 2 0 1 385 0.440951
1 2 0 0 386 -0.65746
2 1 0 0 387 -1.44371
2 0 0 0 388 -0.700637
2 2 2 0 389 -0.188283
2 1 2 1 390 0.914122
1 2 2 2 391 1.32283
2 2 0 2 392 -0.520114
0 2 1 1 393 -0.850299
2 2 0 0 394 0.0190734
1 2 2 2 395 1.2672
0 2 0 0 396 -1.0989
2 2 2 0 397 -0.272587
2 2 2 1 398 0.296361
0 2 2 2 399 2.44807
0 2 1 0 400 -1.54241
1 0 0 0 401 -0.580218
2 0 1 1 402 -0.220811
2 2 0 2 403 -0.279548
2 1 0 2 404 0.0663371
1 2 1 0 405 -0.401585
2 2 0 1 406 0.475657
2 2 0 0 407 -1.04735
2 2 2 2 408 0.379204
2 2 0 0 409 -0.763626
2 2 0 0 410 -1.04977
2 2 2 2 411 2.02412
2 2 1 0 412 -0.238567
2 2 0 2 413 0.58952
0 1 2 2 414 0.485898
2 1 0 0 415 -1.2054
1 2 0 0 416 -2.03306
2 0 0 1 417 -1.51161
2 0 1 0 418 0.0665991
2 2 0 0 419 -1.20999
0 2 2 2 420 1.65827
2 2 0 2 421 0.688957
2 2 1 2 422 0.157286
2 2 2 0 423 0.553874
0 2 2 1 424 -0.539562
2 2 0 0 425 -0.373074
1 0 0 0 426 -1.08086
2 2 2 0 427 0.109902
2 2 2 2 428 1.86589
2 2 1 0 429 -0.285115
2 2 1 0 430 -0.368945
2 2 1 1 431 0.670895
0 2 1 1 432 0.527613
2 2 0 1 433 0.393515
2 2 0 2 434 -0.0371686
2 1 0 1 435 0.0802883
0 2 0 2 436 0.744517
2 0 2 1 437 -0.366723
2 2 2 0 438 0.289402
2 2 0 1 439 -0.200276
2 2 0 0 440 -0.930527
2 2 2 2 441 2.24722
2 2 0 2 442 -0.876374
1 2 1 1 443 -0.116011
2 2 0 0 444 0.310194
1 2 1 0 445 -0.204039
0 0 0 2 446 -1.26566
2 2 2 1 447 1.13375
2 2 2 1 448 0.359294
2 2 1 2 449 0.607896
1 2 1 2 450 0.729654
1 1 0 1 451 -0.74106
2 0 1 1 452 0.491803
1 2 2 1 453 1.34744
2 2 0 0 454 -1.83469
2 2 2 0 455 2.25019
1 2 0 2 456 -0.568063
2 2 0 1 457 0.454612
2 2 2 2 458 0.522531
0 1 0 2 459 -0.461415
2 0 0 0 460 -1.32876
1 2 0 0 461 1.01461
0 2 0 0 462 -1.8733
0 0 0 0 463 -1.53628
2 2 2 2 464 1.10223
2 2 2 1 465 0.825624
1 2 0 2 466 0.960846
1 1 0 2 467 -0.496434
2 0 1 1 468 -1.22104
2 0 1 0 469 -0.130512
2 2 1 2 470 1.35807
2 2 2 2 471 1.45479
2 2 2 1 472 0.143543
2 2 1 2 473 1.59779
1 0 0 0 474 -0.974479
0 0 2 1 475 0.0412489
2 2 2 0 476 0.390463
2 2 0 1 477 1.06704
2 1 0 0 478 -0.897205
0 0 0 0 479 -1.8777
1 1 0 0 480 -2.03134
2 0 0 0 481 -2.21912
0 0 0 2 482 0.0172695
2 0 0 0 483 -2.18569
2 2 2 2 484 2.21571
2 2 0 2 485 0.131316
0 0 1 0 486 -1.34741
2 0 0 0 487 -1.08632
2 2 0 1 488 -0.562281
2 2 0 2 489 -0.259733
2 2 2 2 490 1.26654
2 2 0 0 491 -1.60256
2 0 1 0 492 -0.998439
1 0 0 2 493 -1.09071
0 2 2 0 494 0.354964
2 1 0 2 495 0.889512
2 2 2 2 496 1.23688
2 2 0 0 497 -0.806577
2 2 2 0 498 -0.204639
2 2 0 0 499 -0.814638
2 2 0 2 500 1.00298
2 2 2 0 501 1.19805
2 2 0 0 502 0.305007
2 2 0 2 503 1.00063
1 2 0 2 504 -1.70676
2 2 0 0 505 -0.420616
1 2 0 0 506 -0.435329
2 2 1 0 507 0.013525
0 2 0 2 508 0.551945
2 2 2 2 509 -0.489403
2 2 2 2 510 0.983905
2 1 0 2 511 -0.389083
2 2 1 0 512 -1.00006
2 2 2 1 513 0.163374
2 2 2 2 514 1.62365
2 2 1 2 515 1.05019
2 0 0 0 516 -2.30343
1 2 1 0 517 -0.907017
2 0 0 0 518 -0.075957
1 0 0 0 519 -1.23814
2 0 2 2 520 0.308862
2 2 2 2 521 2.37927
1 0 0 0 522 -0.607558
0 1 2 0 523 -1.21719
1 2 1 1 524 -0.313608
2 2 0 0 525 -0.260187
0 2 0 0 526 -0.467091
2 2 0 1 527 0.563574
2 2 2 2 528 1.66368
2 2 2 2 529 1.94575
2 2 2 0 530 1.07691
2 2 0 2 531 0.0244577
2 2 2 1 532 0.7306
1 2 0 1 533 -0.189717
2 0 0 0 534 -1.21574
2 1 1 0 535 -0.804541
2 2 2 2 536 1.36297
0 2 0 0 537 -1.70109
0 1 2 1 538 -0.28388
2 2 1 2 539 -0.232703
2 2 0 2 540 0.851889
2 2 1 0 541 1.21358
2 0 1 0 542 -1.73833
1 2 1 0 543 0.353163
2 2 2 0 544 0.106137
1 2 2 0 545 -0.384675
2 2 2 2 546 1.4862
2 0 2 0 547 -0.178178
2 0 0 1 548 -0.626005
2 2 0 0 549 -0.12099
1 0 0 0 550 -1.45104
2 2 0 0 551 -0.125394
2 1 0 2 552 0.444241
2 2 0 0 553 1.2891
2 1 0 0 554 -0.92226
2 2 2 2 555 1.69541
2 2 2 2 556 0.84001
2 1 0 2 557 1.52103
1 2 0 2 558 0.558528
2 2 0 0 559 -0.268076
2 2 2 2 560 2.8761
2 2 0 0 561 -1.45321
2 2 2 2 562 0.565686
2 2 1 2 563 -0.20966
2 2 1 0 564 -0.48699
2 2 1 2 565 0.738035
2 2 0 2 566 1.55635
0 2 0 0 567 -0.739957
2 2 0 0 568 -1.09883
2 1 0 2 569 0.834197
2 2 1 2 570 -0.00136627
2 0 2 2 571 0.43958
2 2 2 2 572 1.69604
0 2 0 0 573 -0.372399
2 2 2 2 574 1.48296
2 2 2 1 575 0.736366
1 2 2 0 576 0.274244
2 2 0 2 577 -0.518807
2 1 0 0 578 -0.391112
2 2 2 0 579 -1.67465
2 1 0 2 580 0.651251
0 2 1 2 581 0.529407
2 1 0 1 582 0.474237
1 2 0 0 583 -1.01803
0 2 1 0 584 -0.473783
2 1 0 2 585 -0.348069
2 1 0 0 586 -0.083284
2 2 1 0 587 -0.43732
2 2 1 2 588 0.543205
1 2 1 0 589 -0.467565
2 0 0 0 590 0.219735
2 2 0 0 591 0.653979
2 2 0 0 592 0.482161
2 2 1 2 593 0.442045
2 2 2 2 594 1.79072
2 2 0 0 595 -0.583433
2 2 0 2 596 0.535969
2 2 0 1 597 0.289265
1 2 1 0 598 0.995307
2 2 0 0 599 -1.82227
1 1 0 1 600 -1.01927
1 0 0 0 601 -1.38297
0 0 0 0 602 -1.98049
2 0 2 1 603 0.27291
0 2 0 0 604 -0.685635
2 2 1 2 605 0.552265
2 0 1 0 606 0.0183861
0 2 2 0 607 -0.576287
1 1 0 1 608 -0.707798
2 2 2 2 609 1.66863
2 1 0 2 610 0.0635668
1 2 0 0 611 -1.28826
0 2 0 2 612 -1.1627
0 2 2 2 613 0.49953
2 0 0 0 614 -1.58765
0 2 0 2 615 -0.386338
2 2 0 0 616 0.0209257
2 2 2 2 617 1.80215
0 1 0 0 618 -0.0742213
2 2 0 0 619 -0.520576
0 1 0 0 620 -2.47251
0 2 0 0 621 -0.147302
2 2 0 2 622 -0.0337174
2 2 1 0 623 0.303554
2 0 2 1 624 0.990066
2 2 2 2 625 1.50399
2 0 1 0 626 0.775055
0 2 1 2 627 0.972179
2 2 0 2 628 0.493436
2 2 0 0 629 -0.044846
2 0 1 2 630 -0.40407
2 2 1 0 631 0.801371
2 2 0 1 632 0.751138
1 2 1 1 633 0.702858
2 0 0 0 634 -0.268031
0 0 2 0 635 -2.03021
0 2 0 0 636 -0.616594
2 2 2 2 637 0.728759
0 2 0 0 638 -1.13553
2 2 2 0 639 0.110794
2 2 2 2 640 2.19187
1 0 1 0 641 -2.16301
2 2 2 0 642 -1.70875
2 0 0 0 643 -1.27229
2 2 0 0 644 0.446114
2 2 0 0 645 -0.820812
2 2 0 0 646 -0.322805
2 2 0 1 647 0.191142
2 2 1 0 648 -0.276527
2 2 0 1 649 0.448048
2 2 2 2 650 1.50426
2 2 2 2 651 0.721802
2 2 0 0 652 -0.482343
2 2 2 0 653 0.257938
2 2 0 1 654 0.229906
0 0 0 0 655 -1.9784
2 0 0 0 656 -1.44698
2 1 0 0 657 -1.12889
2 0 0 1 658 -0.0443033
2 0 0 2 659 -0.0765214
2 2 0 0 660 -0.296589
2 1 0 0 661 -1.81875
0 2 0 0 662 -1.19815
0 2 0 0 663 0.027082
2 0 1 0 664 0.35395
0 1 2 0 665 0.744759
2 2 2 2 666 1.42851
1 2 1 0 667 0.954896
2 2 2 0 668 0.352692
2 2 2 2 669 0.599703
2 2 2 2 670 2.74745
1 1 0 0 671 -1.12545
0 0 0 1 672 -1.18595
2 1 0 0 673 -0.476122
0 2 0 2 674 -0.467242
1 2 1 0 675 -0.0187885
2 1 0 0 676 0.0695877
0 2 0 0 677 0.964698
1 2 2 2 678 0.125979
2 1 0 2 679 0.55424
2 2 0 2 680 -0.206591
2 2 0 2 681 -0.0473175
2 2 1 0 682 -0.520576
2 2 0 1 683 -0.59565
2 2 0 0 684 -0.767871
2 2 0 0 685 -0.101601
0 1 0 0 686 -2.20717
2 2 2 0 687 0.451019
2 2 0 0 688 0.849382
2 2 1 2 689 1.69959
2 2 0 2 690 0.548062
2 2 1 2 691 0.188613
1 2 0 0 692 -0.836033
2 2 2 2 693 2.26559
2 0 0 0 694 -1.45352
0 2 1 2 695 0.980095
2 2 2 2 696 -0.0423679
2 2 0 0 697 0.47935
2 2 0 2 698 0.812428
2 2 0 2 699 0.979186
0 2 0 0 700 -1.72897
2 2 0 0 701 0.0589139
2 0 0 0 702 -0.710834
2 2 2 2 703 1.67464
0 2 0 0 704 -0.45466
2 2 0 0 705 -0.100066
2 2 1 0 706 0.122829
2 2 1 0 707 0.663511
2 2 2 2 708 4.03433
2 1 2 2 709 1.21626
2 2 2 2 710 0.026754
1 2 2 2 711 0.773284
1 0 0 0 712 -1.25366
2 2 0 2 713 0.466066
0 1 1 0 714 -0.145357
2 0 0 0 715 -1.99901
2 2 2 1 716 0.403891
1 0 1 1 717 0.138174
2 2 0 2 718 1.05991
2 1 2 2 719 1.38327
2 2 0 2 720 0.36359
2 2 0 0 721 0.699058
2 2 2 2 722 1.56752
1 2 0 0 723 -1.1535
0 2 1 0 724 -0.0244658
0 1 2 2 725 0.125536
1 1 0 2 726 1.29811
2 2 2 0 727 0.414854
1 1 2 0 728 -0.574214
1 2 1 2 729 1.10731
2 0 0 0 730 0.0472294
2 1 2 0 731 0.506854
2 2 0 0 732 1.0327
2 2 1 2 733 0.105543
1 2 0 1 734 -0.534554
0 2 0 0 735 0.860939
1 2 0 2 736 0.0669004
2 2 1 2 737 1.6207
2 2 1 0 738 -0.699255
2 2 1 1 739 -0.0838667
0 0 0 0 740 -0.539964
2 0 0 0 741 -0.813414
2 0 0 0 742 -1.58681
2 0 1 2 743 -1.07739
1 1 0 0 744 -1.1317
2 2 1 2 745 1.09506
2 2 0 2 746 0.381341
2 0 2 2 747 0.887773
0 2 0 0 748 -0.0417608
2 2 0 0 749 -0.526768
2 1 2 1 750 -0.163837
2 2 2 2 751 1.14121
2 2 0 2 752 0.536872
2 1 2 0 753 -1.31606
2 0 2 0 754 -0.0158672
1 2 0 0 755 -0.0464484
2 1 0 1 756 -0.246192
2 2 1 0 757 0.140679
2 2 0 1 758 -0.0514375
2 2 0 0 759 -1.26053
2 0 0 0 760 -1.54081
2 2 0 0 761 -0.119436
2 0 0 0 762 -0.235945
1 2 0 0 763 -0.720548
2 2 2 0 764 0.414259
2 2 2 0 765 -0.161481
2 0 2 0 766 -0.683701
2 2 2 2 767 0.274966
2 2 1 0 768 -0.628649
2 2 1 2 769 0.961735
2 1 1 2 770 0.374758
2 2 0 2 771 -0.174743
2 2 2 2 772 1.38703
2 2 2 2 773 0.794593
2 2 0 0 774 -0.122067
2 2 2 2 775 1.00075
0 1 0 0 776 -2.35209
2 2 2 1 777 1.1938
2 1 0 0 778 -1.01478
2 0 1 0 779 -0.0349052
2 2 1 2 780 0.839505
2 2 0 1 781 0.235549
2 2 2 2 782 0.691579
2 2 2 0 783 -0.547586
1 1 0 0 784 -0.995044
2 2 2 2 785 0.786251
0 0 1 0 786 -0.673588
2 2 0 0 787 -0.690307
2 2 2 2 788 1.14799
0 2 0 0 789 -1.1225
2 1 0 1 790 -0.24265
2 2 1 0 791 -0.0984228
2 2 2 2 792 1.77702
2 0 0 0 793 0.805618
0 0 1 2 794 -0.464396
2 1 0 0 795 -0.359648
2 2 0 0 796 -0.799881
0 2 0 0 797 -2.13251
2 2 1 2 798 -0.638408
1 1 0 2 799 -0.267597
2 2 0 0 800 -0.0882811
2 1 0 0 801 0.318119
0 0 1 2 802 -1.01516
2 2 0 1 803 -0.37283
2 2 0 2 804 0.524032
2 1 0 0 805 -0.289035
2 2 0 0 806 -1.43469
0 2 0 0 807 -1.39914
0 1 0 0 808 -0.86121
2 2 0 0 809 0.26257
2 2 0 1 810 0.0783797
2 1 0 2 811 -0.069174
0 0 0 0 812 -1.14375
2 2 1 2 813 1.086
2 2 1 2 814 0.888577
2 2 1 2 815 0.136224
2 2 2 1 816 1.19148
1 0 0 0 817 -1.22409
1 0 0 0 818 -1.56771
0 2 0 0 819 -1.81005
2 2 1 0 820 0.0487026
2 2 2 2 821 1.85535
2 2 0 1 822 -0.323183
2 0 0 0 823 -1.36546
2 1 0 0 824 -0.684989
2 2 2 2 825 1.28889
2 1 2 2 826 -0.422458
2 2 2 2 827 2.19386
2 2 2 2 828 1.88836
2 2 0 0 829 -1.20143
2 2 0 0 830 -0.938822
1 2 0 0 831 0.225752
2 2 0 2 832 -0.102792
2 2 1 2 833 0.876994
0 2 1 0 834 -1.8007
2 2 2 1 835 0.13458
1 2 1 2 836 -0.0386853
2 2 0 0 837 0.0888289
2 2 2 0 838 -0.449894
2 2 2 0 839 0.661336
2 2 0 0 840 -0.109048
1 2 2 0 841 -1.52059
2 2 0 2 842 0.531511
2 2 2 2 843 1.61865
2 2 0 1 844 -0.503322
0 2 2 2 845 1.03151
2 2 0 2 846 1.42664
2 2 0 0 847 -0.0700658
2 1 2 0 848 0.528351
2 2 1 1 849 0.518538
0 2 2 0 850 -0.426429
1 1 0 0 851 -1.58428
1 2 2 0 852 0.654943
2 2 2 0 853 0.856416
2 2 0 1 854 0.0694729
0 2 0 0 855 -0.398575
2 0 0 0 856 -1.3672
2 2 0 0 857 -0.0155097
2 0 0 0 858 -0.604416
2 2 0 2 859 0.326816
1 1 0 1 860 -0.65948
2 2 0 0 861 -1.18026
2 0 0 2 862 0.201948
2 2 0 0 863 -0.205458
2 2 2 2 864 0.389502
0 1 0 0 865 -2.33536
1 2 0 0 866 -0.0514455
2 1 0 0 867 0.562308
1 1 2 1 868 0.0866275
1 2 0 2 869 0.15697
1 2 2 1 870 0.0408533
1 2 1 2 871 0.430649
2 0 2 1 872 0.196488
2 2 0 0 873 -0.631121
2 2 0 0 874 -0.673157
2 0 2 0 875 0.55013
2 2 2 0 876 0.249343
2 0 0 2 877 0.233321
2 2 0 0 878 0.820102
2 1 0 1 879 -0.555184
1 0 1 0 880 -1.36712
0 2 2 2 881 1.6778
2 2 2 2 882 1.46456
2 2 2 2 883 -0.153606
2 2 1 0 884 0.685825
2 2 2 0 885 1.70022
2 2 1 2 886 2.0137
2 2 0 0 887 0.0348406
2 2 0 0 888 -1.35945
2 2 0 2 889 1.18085
0 2 0 0 890 -2.74963
2 1 0 0 891 -0.902551
1 0 1 0 892 -0.665554
2 2 1 2 893 0.66977
2 2 0 0 894 0.185142
2 2 2 2 895 0.66954
2 0 0 0 896 -0.418498
2 2 0 0 897 -1.74135
2 2 1 0 898 0.179225
1 2 0 0 899 0.453364
2 0 1 1 900 -1.05025
1 2 0 0 901 -1.50701
2 2 2 0 902 1.41884
2 2 2 0 903 -0.383545
2 0 1 0 904 -0.115463
2 2 2 1 905 1.09527
2 0 2 0 906 -1.45433
0 2 2 0 907 -0.33195
2 2 0 2 908 0.285319
0 2 0 0 909 -1.12803
2 0 0 0 910 -0.990711
2 2 2 0 911 0.536751
2 2 0 0 912 -0.872446
2 2 2 0 913 -0.813172
1 2 0 0 914 -1.54464
1 1 2 2 915 -0.275291
1 2 0 0 916 -0.779766
2 0 2 2 917 1.39712
1 1 2 1 918 -0.243248
2 2 2 0 919 0.515883
2 2 2 0 920 0.18142
2 2 0 1 921 0.282323
2 2 0 0 922 -0.533116
1 2 0 0 923 -1.63207
2 2 1 2 924 0.22045
0 2 2 1 925 1.35823
2 2 1 2 926 1.32246
2 1 0 0 927 0.394405
1 2 0 0 928 -1.46753
2 2 0 0 929 -0.94143
2 2 0 0 930 1.02739
2 2 0 1 931 1.14125
2 0 0 0 932 -2.28204
2 1 2 0 933 -0.504282
2 1 1 0 934 -0.0571849
2 1 0 2 935 -0.127072
1 0 0 0 936 0.584023
2 2 2 2 937 -0.402859
2 2 0 0 938 -0.6232
2 2 1 2 939 1.09857
2 1 0 0 940 -1.08305
2 2 2 0 941 1.8556
0 0 0 0 942 -1.35524
0 1 2 0 943 -0.382675
2 2 0 0 944 0.356433
0 0 0 2 945 -0.687807
0 1 1 0 946 -1.90437
2 1 0 0 947 -1.63946
0 2 0 2 948 2.08004
2 0 2 0 949 0.325654
0 2 2 1 950 -1.07914
2 2 2 0 951 1.10305
0 0 0 0 952 -1.84667
0 2 0 0 953 -0.0520579
2 0 2 0 954 -0.267354
2 2 2 0 955 0.208033
1 2 1 1 956 0.507995
0 2 0 1 957 -0.291728
2 2 1 0 958 -0.241472
1 2 2 1 959 1.08094
2 1 0 0 960 -0.731197
2 1 0 0 961 -2.14868
2 1 0 0 962 -1.25957
2 2 2 1 963 -0.278898
2 2 0 0 964 -0.822377
2 2 0 0 965 -0.668639
1 1 0 0 966 -0.936947
2 1 0 0 967 -1.42382
2 2 0 1 968 -0.927058
1 2 0 2 969 -0.199147
0 2 2 0 970 -0.413336
2 2 2 2 971 0.865201
2 2 0 1 972 -0.276972
2 2 0 0 973 -1.20048
2 2 0 2 974 1.47933
2 2 1 0 975 -0.449221
2 2 2 2 976 1.56263
2 1 0 1 977 -0.794632
2 2 2 2 978 1.96845
2 2 1 2 979 0.0193426
1 2 0 1 980 0.74659
2 2 2 2 981 1.04936
2 2 1 2 982 0.791797
2 2 0 2 983 0.745094
2 2 0 1 984 0.481368
2 2 0 0 985 -0.491691
2 2 2 1 986 1.22632
2 0 2 2 987 0.91311
1 1 1 2 988 -0.0809763
1 2 0 0 989 -0.458946
2 0 2 1 990 -1.05596
1 2 0 0 991 -0.958678
1 2 0 2 992 0.242071
2 1 1 0 993 -0.0653067
2 0 0 0 994 0.210387
0 0 1 0 995 -0.964145
2 1 0 0 996 -0.0587539
2 0 0 0 997 0.0584387
2 2 0 1 998 -0.672594
2 2 0 2 999 -0.203111
