1	v1	1	22	2	2	-3.2680808	0.0000000	0.0000000	0.0000000	0.0000000	0.0000000	0.0000000	0.0000000	0.0000000	5.4245427	0.0000000	0.0000000	0.0000000	0.0000000	0.0000000	0.0000000	0.0000000	0.0000000	0.0000000	0.0000000	0.0000000	0.0000000	0.0000000
1	v2	1	22	2	2	-3.4619254	0.0000000	0.0000000	0.0000000	0.0000000	0.0000000	0.0000000	0.0000000	0.0000000	0.0000000	6.7150107	0.0000000	0.0000000	0.0000000	0.0000000	0.0000000	0.0000000	0.0000000	0.0000000	0.0000000	0.0000000	0.0000000	0.0000000
1	v3	1	22	2	2	-5.6010246	0.0000000	0.0000000	0.0000000	0.0000000	0.0000000	0.0000000	0.0000000	0.0000000	0.0000000	7.5614264	0.0000000	0.0000000	0.0000000	0.0000000	0.0000000	0.0000000	0.0000000	0.0000000	0.0000000	0.0000000	0.0000000	0.0000000
1	v4	1	22	2	2	-1.2484863	0.0000000	0.0000000	0.0000000	0.0000000	0.0000000	0.0000000	0.0000000	0.0000000	0.0000000	0.0000000	3.3144613	0.0000000	0.0000000	0.0000000	0.0000000	0.0000000	0.0000000	0.0000000	0.0000000	0.0000000	0.0000000	0.0000000
1	v5	1	22	2	2	-0.8309443	0.0000000	0.0000000	0.0000000	0.0000000	0.0000000	0.0000000	0.0000000	0.0000000	0.0000000	0.0000000	0.0000000	2.3634496	0.0000000	0.0000000	0.0000000	0.0000000	0.0000000	0.0000000	0.0000000	0.0000000	0.0000000	0.0000000
1	v6	1	22	2	2	-4.6767519	0.0000000	0.0000000	0.0000000	0.0000000	0.0000000	0.0000000	7.7713931	0.0000000	0.0000000	0.0000000	0.0000000	0.0000000	0.0000000	0.0000000	0.0000000	0.0000000	0.0000000	0.0000000	0.0000000	0.0000000	0.0000000	0.0000000
1	v7	1	22	2	2	-3.5638668	0.0000000	0.0000000	0.0000000	0.0000000	0.0000000	0.0000000	0.0000000	0.0000000	0.0000000	0.0000000	0.0000000	0.0000000	4.9705158	0.0000000	0.0000000	0.0000000	0.0000000	0.0000000	0.0000000	0.0000000	0.0000000	0.0000000
1	v8	1	22	2	2	-0.2152756	0.0000000	0.0000000	0.0000000	0.0000000	0.0000000	0.0000000	1.6673755	0.0000000	0.0000000	0.0000000	0.0000000	0.0000000	0.0000000	0.0000000	0.0000000	0.0000000	0.0000000	0.0000000	0.0000000	0.0000000	0.0000000	0.0000000
1	v9	1	22	2	2	-1.5082808	0.0000000	2.6277079	0.0000000	0.0000000	0.0000000	0.0000000	0.0000000	0.0000000	0.0000000	0.0000000	0.0000000	0.0000000	0.0000000	0.0000000	0.0000000	0.0000000	0.0000000	0.0000000	0.0000000	0.0000000	0.0000000	0.0000000
1	v10	1	22	2	2	-3.4980591	0.0000000	0.0000000	0.0000000	0.0000000	0.0000000	0.0000000	0.0000000	0.0000000	0.0000000	0.0000000	0.0000000	0.0000000	0.0000000	4.8028549	0.0000000	0.0000000	0.0000000	0.0000000	0.0000000	0.0000000	0.0000000	0.0000000
1	v11	1	22	2	2	-2.6655875	0.0000000	0.0000000	0.0000000	0.0000000	0.0000000	0.0000000	0.0000000	0.0000000	0.0000000	0.0000000	0.0000000	0.0000000	0.0000000	0.0000000	5.1827940	0.0000000	0.0000000	0.0000000	0.0000000	0.0000000	0.0000000	0.0000000
1	v12	1	22	2	2	-1.9348696	0.0000000	0.0000000	0.0000000	0.0000000	0.0000000	0.0000000	0.0000000	0.0000000	0.0000000	0.0000000	0.0000000	0.0000000	0.0000000	0.0000000	0.0000000	5.0021990	0.0000000	0.0000000	0.0000000	0.0000000	0.0000000	0.0000000
1	v13	1	22	2	2	-4.1420512	0.0000000	0.0000000	0.0000000	0.0000000	0.0000000	0.0000000	0.0000000	0.0000000	0.0000000	0.0000000	0.0000000	0.0000000	0.0000000	0.0000000	0.0000000	0.0000000	4.8384349	0.0000000	0.0000000	0.0000000	0.0000000	0.0000000
1	v14	1	22	2	2	-3.0440846	0.0000000	0.0000000	0.0000000	0.0000000	0.0000000	0.0000000	0.0000000	0.0000000	0.0000000	0.0000000	0.0000000	0.0000000	0.0000000	0.0000000	0.0000000	0.0000000	0.0000000	5.7102662	0.0000000	0.0000000	0.0000000	0.0000000
1	v15	1	22	2	2	-3.4107529	0.0000000	0.0000000	0.0000000	0.0000000	0.0000000	0.0000000	0.0000000	0.0000000	0.0000000	0.0000000	0.0000000	0.0000000	0.0000000	0.0000000	0.0000000	0.0000000	0.0000000	0.0000000	5.5831914	0.0000000	0.0000000	0.0000000
1	v16	1	22	2	2	-2.1876356	0.0000000	0.0000000	0.0000000	0.0000000	0.0000000	0.0000000	0.0000000	0.0000000	0.0000000	0.0000000	0.0000000	0.0000000	0.0000000	0.0000000	0.0000000	0.0000000	0.0000000	4.2109236	0.0000000	0.0000000	0.0000000	0.0000000
1	v17	1	22	2	2	-3.0832297	0.0000000	0.0000000	0.0000000	0.0000000	0.0000000	0.0000000	0.0000000	0.0000000	0.0000000	0.0000000	0.0000000	0.0000000	0.0000000	0.0000000	4.9187241	0.0000000	0.0000000	0.0000000	0.0000000	0.0000000	0.0000000	0.0000000
1	v18	1	22	2	2	-1.9518179	0.0000000	0.0000000	0.0000000	0.0000000	0.0000000	0.0000000	0.0000000	0.0000000	0.0000000	0.0000000	0.0000000	0.0000000	0.0000000	0.0000000	0.0000000	0.0000000	0.0000000	0.0000000	0.0000000	3.7047466	0.0000000	0.0000000
1	v19	1	22	2	2	-3.7649394	0.0000000	0.0000000	0.0000000	0.0000000	0.0000000	0.0000000	0.0000000	0.0000000	0.0000000	0.0000000	0.0000000	0.0000000	0.0000000	0.0000000	0.0000000	0.0000000	0.0000000	0.0000000	0.0000000	0.0000000	4.8946764	0.0000000
1	v20	1	22	2	2	-4.3084450	0.0000000	0.0000000	0.0000000	0.0000000	0.0000000	0.0000000	0.0000000	0.0000000	0.0000000	0.0000000	5.9518087	0.0000000	0.0000000	0.0000000	0.0000000	0.0000000	0.0000000	0.0000000	0.0000000	0.0000000	0.0000000	0.0000000
0	G	1	22	2	256	8	0.0000000	0.0000000	0.0000000	0.0000000	0.0000000	0.0000000	0.0000000	0.0000000	0.0000000	0.0000000	0.0000000	0.0000000	0.0000000	0.0000000	0.0000000	0.0000000	0.0000000	0.0000000	0.0000000	0.0000000	0.0000000	0.0000000	1.0000000	0.0000000	1.0000000	0.0000000	0.0000000	1.0000000	0.0000000	0.0000000	0.0000000	1.0000000	0.0000000	0.0000000	0.0000000	0.0000000	1.0000000	0.0000000	0.0000000	0.0000000	0.0000000	0.0000000	1.0000000	0.0000000	0.0000000	0.0000000	0.0000000	0.0000000	0.0000000	1.0000000	0.0000000	0.0000000	0.0000000	0.0000000	0.0000000	0.0000000	0.0000000	1.0000000	0.0000000	0.0000000	0.0000000	0.0000000	0.0000000	0.0000000	0.0000000	0.0000000	1.0000000	0.0000000	0.0000000	0.0000000	0.0000000	0.0000000	0.0000000	0.0000000	0.0000000	0.0000000	1.0000000	0.0000000	0.0000000	0.0000000	0.0000000	0.0000000	0.0000000	0.0000000	0.0000000	0.0000000	0.0000000	1.0000000	0.0000000	0.0000000	0.0000000	0.0000000	0.0000000	0.0000000	0.0000000	0.0000000	0.0000000	0.0000000	0.0000000	1.0000000	0.0000000	0.0000000	0.0000000	0.0000000	0.0000000	0.0000000	0.0000000	0.0000000	0.0000000	0.0000000	0.0000000	0.0000000	1.0000000	0.0000000	0.0000000	0.0000000	0.0000000	0.0000000	0.0000000	0.0000000	0.0000000	0.0000000	0.0000000	0.0000000	0.0000000	0.0000000	1.0000000	0.0000000	0.0000000	0.0000000	0.0000000	0.0000000	0.0000000	0.0000000	0.0000000	0.0000000	0.0000000	0.0000000	0.0000000	0.0000000	0.0000000	1.0000000	0.0000000	0.0000000	0.0000000	0.0000000	0.0000000	0.0000000	0.0000000	0.0000000	0.0000000	0.0000000	0.0000000	0.0000000	0.0000000	0.0000000	0.0000000	1.0000000	0.0000000	0.0000000	0.0000000	0.0000000	0.0000000	0.0000000	0.0000000	0.0000000	0.0000000	0.0000000	0.0000000	0.0000000	0.0000000	0.0000000	0.0000000	0.0000000	1.0000000	0.0000000	0.0000000	0.0000000	0.0000000	0.0000000	0.0000000	0.0000000	0.0000000	0.0000000	0.0000000	0.0000000	0.0000000	0.0000000	0.0000000	0.0000000	0.0000000	0.0000000	1.0000000	0.0000000	0.0000000	0.0000000	0.0000000	0.0000000	0.0000000	0.0000000	0.0000000	0.0000000	0.0000000	0.0000000	0.0000000	0.0000000	0.0000000	0.0000000	0.0000000	0.0000000	0.0000000	1.0000000	0.0000000	0.0000000	0.0000000	0.0000000	0.0000000	0.0000000	0.0000000	0.0000000	0.0000000	0.0000000	0.0000000	0.0000000	0.0000000	0.0000000	0.0000000	0.0000000	0.0000000	0.0000000	0.0000000	1.0000000	0.0000000	0.0000000	0.0000000	0.0000000	0.0000000	0.0000000	0.0000000	0.0000000	0.0000000	0.0000000	0.0000000	0.0000000	0.0000000	0.0000000	0.0000000	0.0000000	0.0000000	0.0000000	0.0000000	0.0000000	1.0000000	0.0000000	0.0000000	0.0000000	0.0000000	0.0000000	0.0000000	0.0000000	0.0000000	0.0000000	0.0000000	0.0000000	0.0000000	0.0000000	0.0000000	0.0000000	0.0000000	0.0000000	0.0000000	0.0000000	0.0000000	0.0000000	1.0000000	7.6843162e-02	5.4336710e-03	1.3570256e-02	3.7352334e-03	1.8074394e-02	4.9750042e-03	1.2424764e-02	8.4812839e-03	2.2460415e-04	6.1822633e-05	1.5439818e-04	1.0539394e-04	2.0564488e-04	1.4037551e-04	3.5057912e-04	5.3954261e-04	7.3534658e-04	2.0240526e-04	5.0549456e-04	3.4505628e-04	6.7327454e-04	4.5958479e-04	1.1477845e-03	1.7664447e-03	8.3665466e-06	5.7110990e-06	1.4263115e-05	2.1950989e-05	1.8997222e-05	2.9236797e-05	7.3017084e-05	2.5658205e-04	2.6141006e-03	7.1953516e-04	1.7969944e-03	1.2266486e-03	2.3934393e-03	1.6337887e-03	4.0802856e-03	6.2795753e-03	2.9742431e-05	2.0302519e-05	5.0704279e-05	7.8034080e-05	6.7533665e-05	1.0393457e-04	2.5957013e-04	9.1212950e-04	9.7375738e-05	6.6469776e-05	1.6600414e-04	2.5548100e-04	2.2110299e-04	3.4027835e-04	8.4982403e-04	2.9862819e-03	2.7475693e-06	4.2285197e-06	1.0560465e-05	3.7109478e-05	1.4065616e-05	4.9426579e-05	1.2343981e-04	1.0677279e-03	1.0664131e-02	2.9353182e-03	7.3307747e-03	5.0040695e-03	9.7639508e-03	6.6649829e-03	1.6645381e-02	2.5617305e-02	1.2133319e-04	8.2823405e-05	2.0684631e-04	3.1833726e-04	2.7550119e-04	4.2399739e-04	1.0589071e-03	3.7210000e-03	3.9724087e-04	2.7116109e-04	6.7720798e-04	1.0422257e-03	9.0198180e-04	1.3881535e-03	3.4668270e-03	1.2182431e-02	1.1208612e-05	1.7250096e-05	4.3081044e-05	1.5138680e-04	5.7380182e-05	2.0163398e-04	5.0356832e-04	4.3557580e-03	1.4121608e-03	9.6395688e-04	2.4074224e-03	3.7050323e-03	3.2064761e-03	4.9347790e-03	1.2324304e-02	4.3307607e-02	3.9845754e-05	6.1322769e-05	1.5314980e-04	5.3816845e-04	2.0398214e-04	7.1679331e-04	1.7901467e-03	1.5484385e-02	1.3045368e-04	2.0076872e-04	5.0140740e-04	1.7619457e-03	6.6783080e-04	2.3467576e-03	5.8608813e-03	5.0695366e-02	8.2988993e-06	2.9162334e-05	7.2831117e-05	6.2997354e-04	9.7004678e-05	8.3906966e-04	2.0955243e-03	5.3807707e-02	2.3139140e-04	6.3690834e-05	1.5906390e-04	1.0857881e-04	2.1185920e-04	1.4461748e-04	3.6117317e-04	5.5584690e-04	2.6327000e-06	1.7971107e-06	4.4881723e-06	6.9073145e-06	5.9778530e-06	9.1999388e-06	2.2976275e-05	8.0738638e-05	8.6193730e-06	5.8836812e-06	1.4694128e-05	2.2614320e-05	1.9571293e-05	3.0120296e-05	7.5223567e-05	2.6433563e-04	2.4320560e-07	3.7429436e-07	9.3477689e-07	3.2848062e-06	1.2450411e-06	4.3750746e-06	1.0926477e-05	9.4511683e-05	3.0641209e-05	2.0916035e-05	5.2236498e-05	8.0392171e-05	6.9574446e-05	1.0707534e-04	2.6741401e-04	9.3969289e-04	8.6457725e-07	1.3305877e-06	3.3230601e-06	1.1677234e-05	4.4260254e-06	1.5553055e-05	3.8842787e-05	3.3598178e-04	2.8305974e-06	4.3563002e-06	1.0879589e-05	3.8230879e-05	1.4490661e-05	5.0920187e-05	1.2717000e-04	1.0999932e-03	1.8007037e-07	6.3276731e-07	1.5802970e-06	1.3669230e-05	2.1048174e-06	1.8206219e-05	4.5468902e-05	1.1675251e-03	1.2499973e-04	8.5326223e-05	2.1309694e-04	3.2795701e-04	2.8382649e-04	4.3681005e-04	1.0909060e-03	3.8334438e-03	3.5270122e-06	5.4280854e-06	1.3556306e-05	4.7636862e-05	1.8055814e-05	6.3448134e-05	1.5845777e-04	1.3706257e-03	1.1547322e-05	1.7771372e-05	4.4382898e-05	1.5596151e-04	5.9114138e-05	2.0772710e-04	5.1878552e-04	4.4873834e-03	7.3459067e-07	2.5813518e-06	6.4467657e-06	5.5763141e-05	8.5865281e-06	7.4271626e-05	1.8548877e-04	4.7628773e-03	4.1049842e-05	6.3175865e-05	1.5777780e-04	5.5443122e-04	2.1014622e-04	7.3845389e-04	1.8442427e-03	1.5952304e-02	2.6114134e-06	9.1765075e-06	2.2917757e-05	1.9823369e-04	3.0524448e-05	2.6402993e-04	6.5939835e-04	1.6931663e-02	8.5496814e-06	3.0043583e-05	7.5031981e-05	6.4901054e-04	9.9936036e-05	8.6442528e-04	2.1588484e-03	5.5433707e-02	1.2418701e-06	1.0741910e-05	2.6827252e-05	6.8885524e-04	3.5731554e-05	9.1749493e-04	2.2913866e-03	3.6560567e-01
1	a1	2	1	2	2	-0.0807768	3.8210161
1	a2	2	1	2	2	3.7497537	3.8210161
1	a3	2	1	2	2	2.3437879	3.8210161
1	a4	2	1	2	2	1.0754545	3.8210161
1	a5	2	1	2	2	-0.1105479	3.8210161
1	a6	2	1	2	2	4.2773640	3.8210161
1	a7	2	1	2	2	3.9907481	3.8210161
1	a8	2	1	2	2	3.0754828	3.8210161
0	D	2	1	0	0.0000000	1.0000000
