flexMIRT(R) Engine Version 3.62 (64-bit)
Flexible Multilevel Multidimensional Item Response Modeling and Test Scoring
(C) 2013-2020 Vector Psychometric Group, LLC., Chapel Hill, NC, USA

Tatsuoka Subtraction Data
Restricted Higher-order DINA Model

Summary of the Data and Dimensions
               Group         G         D
   Missing data code        -9        -9
     Number of Items        20         8
     Number of Cases       536       256
 # Latent Dimensions        22         1
    Diagnostic Model   L1[  8]         G

 Group 1
Item  Categories       Model
   1           2      Graded
   2           2      Graded
   3           2      Graded
   4           2      Graded
   5           2      Graded
   6           2      Graded
   7           2      Graded
   8           2      Graded
   9           2      Graded
  10           2      Graded
  11           2      Graded
  12           2      Graded
  13           2      Graded
  14           2      Graded
  15           2      Graded
  16           2      Graded
  17           2      Graded
  18           2      Graded
  19           2      Graded
  20           2      Graded

Slope:Main Effect
    1:1
    2:2
    3:3
    4:4
    5:5
    6:6
    7:7
    8:8

Slope:Interaction
    9:4x6x7
   10:4x7
   11:2x3x5x7
   12:2x4x7x8
   13:1x2x7
   14:2x5x7x8
   15:2x5x7
   16:7x8
   17:2x4x5x7
   18:2x7
   19:1x7
   20:2x5x6x7
   21:1x2x3x5x7
   22:2x3x5x7

 Group 2
Item  Categories       Model
   1           2      Graded
   2           2      Graded
   3           2      Graded
   4           2      Graded
   5           2      Graded
   6           2      Graded
   7           2      Graded
   8           2      Graded

Scoring Control Values
Response pattern EAPs are computed

Miscellaneous Control Values 

Output Files
Text results and control parameters: fitRHO-DINA_Interaction-ssc.txt
Text scale score file: fitRHO-DINA_Interaction-sco.txt

Tatsuoka Subtraction Data
Restricted Higher-order DINA Model

2PL Items for Group 1: G
    Item    a  1    a  2    a  3    a  4    a  5    a  6    a  7    a  8    a  9    a 10    a 11    a 12    a 13    a 14    a 15    a 16    a 17    a 18    a 19    a 20    a 21    a 22       c
       1    0.00    0.00    0.00    0.00    0.00    0.00    0.00    0.00    5.42    0.00    0.00    0.00    0.00    0.00    0.00    0.00    0.00    0.00    0.00    0.00    0.00    0.00   -3.27
       2    0.00    0.00    0.00    0.00    0.00    0.00    0.00    0.00    0.00    6.72    0.00    0.00    0.00    0.00    0.00    0.00    0.00    0.00    0.00    0.00    0.00    0.00   -3.46
       3    0.00    0.00    0.00    0.00    0.00    0.00    0.00    0.00    0.00    7.56    0.00    0.00    0.00    0.00    0.00    0.00    0.00    0.00    0.00    0.00    0.00    0.00   -5.60
       4    0.00    0.00    0.00    0.00    0.00    0.00    0.00    0.00    0.00    0.00    3.31    0.00    0.00    0.00    0.00    0.00    0.00    0.00    0.00    0.00    0.00    0.00   -1.25
       5    0.00    0.00    0.00    0.00    0.00    0.00    0.00    0.00    0.00    0.00    0.00    2.36    0.00    0.00    0.00    0.00    0.00    0.00    0.00    0.00    0.00    0.00   -0.83
       6    0.00    0.00    0.00    0.00    0.00    0.00    7.77    0.00    0.00    0.00    0.00    0.00    0.00    0.00    0.00    0.00    0.00    0.00    0.00    0.00    0.00    0.00   -4.68
       7    0.00    0.00    0.00    0.00    0.00    0.00    0.00    0.00    0.00    0.00    0.00    0.00    4.97    0.00    0.00    0.00    0.00    0.00    0.00    0.00    0.00    0.00   -3.56
       8    0.00    0.00    0.00    0.00    0.00    0.00    1.67    0.00    0.00    0.00    0.00    0.00    0.00    0.00    0.00    0.00    0.00    0.00    0.00    0.00    0.00    0.00   -0.22
       9    0.00    2.63    0.00    0.00    0.00    0.00    0.00    0.00    0.00    0.00    0.00    0.00    0.00    0.00    0.00    0.00    0.00    0.00    0.00    0.00    0.00    0.00   -1.51
      10    0.00    0.00    0.00    0.00    0.00    0.00    0.00    0.00    0.00    0.00    0.00    0.00    0.00    4.80    0.00    0.00    0.00    0.00    0.00    0.00    0.00    0.00   -3.50
      11    0.00    0.00    0.00    0.00    0.00    0.00    0.00    0.00    0.00    0.00    0.00    0.00    0.00    0.00    5.18    0.00    0.00    0.00    0.00    0.00    0.00    0.00   -2.67
      12    0.00    0.00    0.00    0.00    0.00    0.00    0.00    0.00    0.00    0.00    0.00    0.00    0.00    0.00    0.00    5.00    0.00    0.00    0.00    0.00    0.00    0.00   -1.93
      13    0.00    0.00    0.00    0.00    0.00    0.00    0.00    0.00    0.00    0.00    0.00    0.00    0.00    0.00    0.00    0.00    4.84    0.00    0.00    0.00    0.00    0.00   -4.14
      14    0.00    0.00    0.00    0.00    0.00    0.00    0.00    0.00    0.00    0.00    0.00    0.00    0.00    0.00    0.00    0.00    0.00    5.71    0.00    0.00    0.00    0.00   -3.04
      15    0.00    0.00    0.00    0.00    0.00    0.00    0.00    0.00    0.00    0.00    0.00    0.00    0.00    0.00    0.00    0.00    0.00    0.00    5.58    0.00    0.00    0.00   -3.41
      16    0.00    0.00    0.00    0.00    0.00    0.00    0.00    0.00    0.00    0.00    0.00    0.00    0.00    0.00    0.00    0.00    0.00    4.21    0.00    0.00    0.00    0.00   -2.19
      17    0.00    0.00    0.00    0.00    0.00    0.00    0.00    0.00    0.00    0.00    0.00    0.00    0.00    0.00    4.92    0.00    0.00    0.00    0.00    0.00    0.00    0.00   -3.08
      18    0.00    0.00    0.00    0.00    0.00    0.00    0.00    0.00    0.00    0.00    0.00    0.00    0.00    0.00    0.00    0.00    0.00    0.00    0.00    3.70    0.00    0.00   -1.95
      19    0.00    0.00    0.00    0.00    0.00    0.00    0.00    0.00    0.00    0.00    0.00    0.00    0.00    0.00    0.00    0.00    0.00    0.00    0.00    0.00    4.89    0.00   -3.76
      20    0.00    0.00    0.00    0.00    0.00    0.00    0.00    0.00    0.00    0.00    5.95    0.00    0.00    0.00    0.00    0.00    0.00    0.00    0.00    0.00    0.00    0.00   -4.31

Diagnostic IRT Attributes and Cross-classification Probabilities for Group   1: G

         Pattern          Prob
 0 0 0 0 0 0 0 0    0.07647139
 0 0 0 0 0 0 0 1    0.00542573
 0 0 0 0 0 0 1 0    0.01355042
 0 0 0 0 0 0 1 1    0.00373456
 0 0 0 0 0 1 0 0    0.01804798
 0 0 0 0 0 1 0 1    0.00497411
 0 0 0 0 0 1 1 0    0.01242253
 0 0 0 0 0 1 1 1    0.00848655
 0 0 0 0 1 0 0 0    0.00022428
 0 0 0 0 1 0 0 1    0.00006181
 0 0 0 0 1 0 1 0    0.00015437
 0 0 0 0 1 0 1 1    0.00010546
 0 0 0 0 1 1 0 0    0.00020561
 0 0 0 0 1 1 0 1    0.00014046
 0 0 0 0 1 1 1 0    0.00035080
 0 0 0 0 1 1 1 1    0.00054019
 0 0 0 1 0 0 0 0    0.00073427
 0 0 0 1 0 0 0 1    0.00020237
 0 0 0 1 0 0 1 0    0.00050540
 0 0 0 1 0 0 1 1    0.00034527
 0 0 0 1 0 1 0 0    0.00067315
 0 0 0 1 0 1 0 1    0.00045987
 0 0 0 1 0 1 1 0    0.00114850
 0 0 0 1 0 1 1 1    0.00176857
 0 0 0 1 1 0 0 0    0.00000837
 0 0 0 1 1 0 0 1    0.00000571
 0 0 0 1 1 0 1 0    0.00001427
 0 0 0 1 1 0 1 1    0.00002198
 0 0 0 1 1 1 0 0    0.00001901
 0 0 0 1 1 1 0 1    0.00002927
 0 0 0 1 1 1 1 0    0.00007310
 0 0 0 1 1 1 1 1    0.00025700
 0 0 1 0 0 0 0 0    0.00261028
 0 0 1 0 0 0 0 1    0.00071941
 0 0 1 0 0 0 1 0    0.00179667
 0 0 1 0 0 0 1 1    0.00122741
 0 0 1 0 0 1 0 0    0.00239301
 0 0 1 0 0 1 0 1    0.00163480
 0 0 1 0 0 1 1 0    0.00408282
 0 0 1 0 0 1 1 1    0.00628712
 0 0 1 0 1 0 0 0    0.00002974
 0 0 1 0 1 0 0 1    0.00002032
 0 0 1 0 1 0 1 0    0.00005074
 0 0 1 0 1 0 1 1    0.00007813
 0 0 1 0 1 1 0 0    0.00006758
 0 0 1 0 1 1 0 1    0.00010406
 0 0 1 0 1 1 1 0    0.00025988
 0 0 1 0 1 1 1 1    0.00091360
 0 0 1 1 0 0 0 0    0.00009736
 0 0 1 1 0 0 0 1    0.00006651
 0 0 1 1 0 0 1 0    0.00016611
 0 0 1 1 0 0 1 1    0.00025579
 0 0 1 1 0 1 0 0    0.00022124
 0 0 1 1 0 1 0 1    0.00034069
 0 0 1 1 0 1 1 0    0.00085085
 0 0 1 1 0 1 1 1    0.00299110
 0 0 1 1 1 0 0 0    0.00000275
 0 0 1 1 1 0 0 1    0.00000423
 0 0 1 1 1 0 1 0    0.00001057
 0 0 1 1 1 0 1 1    0.00003717
 0 0 1 1 1 1 0 0    0.00001408
 0 0 1 1 1 1 0 1    0.00004951
 0 0 1 1 1 1 1 0    0.00012364
 0 0 1 1 1 1 1 1    0.00106968
 0 1 0 0 0 0 0 0    0.01064855
 0 1 0 0 0 0 0 1    0.00293479
 0 1 0 0 0 0 1 0    0.00732946
 0 1 0 0 0 0 1 1    0.00500718
 0 1 0 0 0 1 0 0    0.00976220
 0 1 0 0 0 1 0 1    0.00666912
 0 1 0 0 0 1 1 0    0.01665571
 0 1 0 0 0 1 1 1    0.02564810
 0 1 0 0 1 0 0 0    0.00012131
 0 1 0 0 1 0 0 1    0.00008287
 0 1 0 0 1 0 1 0    0.00020697
 0 1 0 0 1 0 1 1    0.00031872
 0 1 0 0 1 1 0 0    0.00027567
 0 1 0 0 1 1 0 1    0.00042451
 0 1 0 0 1 1 1 0    0.00106018
 0 1 0 0 1 1 1 1    0.00372701
 0 1 0 1 0 0 0 0    0.00039717
 0 1 0 1 0 0 0 1    0.00027133
 0 1 0 1 0 0 1 0    0.00067763
 0 1 0 1 0 0 1 1    0.00104348
 0 1 0 1 0 1 0 0    0.00090254
 0 1 0 1 0 1 0 1    0.00138982
 0 1 0 1 0 1 1 0    0.00347099
 0 1 0 1 0 1 1 1    0.01220210
 0 1 0 1 1 0 0 0    0.00001122
 0 1 0 1 1 0 0 1    0.00001727
 0 1 0 1 1 0 1 0    0.00004313
 0 1 0 1 1 0 1 1    0.00015163
 0 1 0 1 1 1 0 0    0.00005745
 0 1 0 1 1 1 0 1    0.00020196
 0 1 0 1 1 1 1 0    0.00050438
 0 1 0 1 1 1 1 1    0.00436373
 0 1 1 0 0 0 0 0    0.00141191
 0 1 1 0 0 0 0 1    0.00096456
 0 1 1 0 0 0 1 0    0.00240892
 0 1 1 0 0 0 1 1    0.00370949
 0 1 1 0 0 1 0 0    0.00320847
 0 1 1 0 0 1 0 1    0.00494071
 0 1 1 0 0 1 1 0    0.01233912
 0 1 1 0 0 1 1 1    0.04337754
 0 1 1 0 1 0 0 0    0.00003987
 0 1 1 0 1 0 0 1    0.00006140
 0 1 1 0 1 0 1 0    0.00015333
 0 1 1 0 1 0 1 1    0.00053904
 0 1 1 0 1 1 0 0    0.00020423
 0 1 1 0 1 1 0 1    0.00071795
 0 1 1 0 1 1 1 0    0.00179304
 0 1 1 0 1 1 1 1    0.01551273
 0 1 1 1 0 0 0 0    0.00013053
 0 1 1 1 0 0 0 1    0.00020101
 0 1 1 1 0 0 1 0    0.00050201
 0 1 1 1 0 0 1 1    0.00176479
 0 1 1 1 0 1 0 0    0.00066863
 0 1 1 1 0 1 0 1    0.00235055
 0 1 1 1 0 1 1 0    0.00587035
 0 1 1 1 0 1 1 1    0.05078817
 0 1 1 1 1 0 0 0    0.00000831
 0 1 1 1 1 0 0 1    0.00002921
 0 1 1 1 1 0 1 0    0.00007295
 0 1 1 1 1 0 1 1    0.00063113
 0 1 1 1 1 1 0 0    0.00009716
 0 1 1 1 1 1 0 1    0.00084061
 0 1 1 1 1 1 1 0    0.00209936
 0 1 1 1 1 1 1 1    0.05389801
 1 0 0 0 0 0 0 0    0.00023105
 1 0 0 0 0 0 0 1    0.00006368
 1 0 0 0 0 0 1 0    0.00015904
 1 0 0 0 0 0 1 1    0.00010865
 1 0 0 0 0 1 0 0    0.00021182
 1 0 0 0 0 1 0 1    0.00014471
 1 0 0 0 0 1 1 0    0.00036140
 1 0 0 0 0 1 1 1    0.00055652
 1 0 0 0 1 0 0 0    0.00000263
 1 0 0 0 1 0 0 1    0.00000180
 1 0 0 0 1 0 1 0    0.00000449
 1 0 0 0 1 0 1 1    0.00000692
 1 0 0 0 1 1 0 0    0.00000598
 1 0 0 0 1 1 0 1    0.00000921
 1 0 0 0 1 1 1 0    0.00002300
 1 0 0 0 1 1 1 1    0.00008087
 1 0 0 1 0 0 0 0    0.00000862
 1 0 0 1 0 0 0 1    0.00000589
 1 0 0 1 0 0 1 0    0.00001470
 1 0 0 1 0 0 1 1    0.00002264
 1 0 0 1 0 1 0 0    0.00001958
 1 0 0 1 0 1 0 1    0.00003016
 1 0 0 1 0 1 1 0    0.00007531
 1 0 0 1 0 1 1 1    0.00026476
 1 0 0 1 1 0 0 0    0.00000024
 1 0 0 1 1 0 0 1    0.00000037
 1 0 0 1 1 0 1 0    0.00000094
 1 0 0 1 1 0 1 1    0.00000329
 1 0 0 1 1 1 0 0    0.00000125
 1 0 0 1 1 1 0 1    0.00000438
 1 0 0 1 1 1 1 0    0.00001094
 1 0 0 1 1 1 1 1    0.00009468
 1 0 1 0 0 0 0 0    0.00003064
 1 0 1 0 0 0 0 1    0.00002093
 1 0 1 0 0 0 1 0    0.00005227
 1 0 1 0 0 0 1 1    0.00008049
 1 0 1 0 0 1 0 0    0.00006962
 1 0 1 0 0 1 0 1    0.00010720
 1 0 1 0 0 1 1 0    0.00026774
 1 0 1 0 0 1 1 1    0.00094121
 1 0 1 0 1 0 0 0    0.00000087
 1 0 1 0 1 0 0 1    0.00000133
 1 0 1 0 1 0 1 0    0.00000333
 1 0 1 0 1 0 1 1    0.00001170
 1 0 1 0 1 1 0 0    0.00000443
 1 0 1 0 1 1 0 1    0.00001558
 1 0 1 0 1 1 1 0    0.00003891
 1 0 1 0 1 1 1 1    0.00033660
 1 0 1 1 0 0 0 0    0.00000283
 1 0 1 1 0 0 0 1    0.00000436
 1 0 1 1 0 0 1 0    0.00001089
 1 0 1 1 0 0 1 1    0.00003829
 1 0 1 1 0 1 0 0    0.00001451
 1 0 1 1 0 1 0 1    0.00005100
 1 0 1 1 0 1 1 0    0.00012738
 1 0 1 1 0 1 1 1    0.00110201
 1 0 1 1 1 0 0 0    0.00000018
 1 0 1 1 1 0 0 1    0.00000063
 1 0 1 1 1 0 1 0    0.00000158
 1 0 1 1 1 0 1 1    0.00001369
 1 0 1 1 1 1 0 0    0.00000211
 1 0 1 1 1 1 0 1    0.00001824
 1 0 1 1 1 1 1 0    0.00004555
 1 0 1 1 1 1 1 1    0.00116948
 1 1 0 0 0 0 0 0    0.00012498
 1 1 0 0 0 0 0 1    0.00008538
 1 1 0 0 0 0 1 0    0.00021323
 1 1 0 0 0 0 1 1    0.00032835
 1 1 0 0 0 1 0 0    0.00028400
 1 1 0 0 0 1 0 1    0.00043734
 1 1 0 0 0 1 1 0    0.00109222
 1 1 0 0 0 1 1 1    0.00383963
 1 1 0 0 1 0 0 0    0.00000353
 1 1 0 0 1 0 0 1    0.00000543
 1 1 0 0 1 0 1 0    0.00001357
 1 1 0 0 1 0 1 1    0.00004771
 1 1 0 0 1 1 0 0    0.00001808
 1 1 0 0 1 1 0 1    0.00006355
 1 1 0 0 1 1 1 0    0.00015871
 1 1 0 0 1 1 1 1    0.00137313
 1 1 0 1 0 0 0 0    0.00001155
 1 1 0 1 0 0 0 1    0.00001779
 1 1 0 1 0 0 1 0    0.00004444
 1 1 0 1 0 0 1 1    0.00015621
 1 1 0 1 0 1 0 0    0.00005919
 1 1 0 1 0 1 0 1    0.00020806
 1 1 0 1 0 1 1 0    0.00051962
 1 1 0 1 0 1 1 1    0.00449560
 1 1 0 1 1 0 0 0    0.00000074
 1 1 0 1 1 0 0 1    0.00000259
 1 1 0 1 1 0 1 0    0.00000646
 1 1 0 1 1 0 1 1    0.00005587
 1 1 0 1 1 1 0 0    0.00000860
 1 1 0 1 1 1 0 1    0.00007441
 1 1 0 1 1 1 1 0    0.00018583
 1 1 0 1 1 1 1 1    0.00477087
 1 1 1 0 0 0 0 0    0.00004108
 1 1 1 0 0 0 0 1    0.00006325
 1 1 1 0 0 0 1 0    0.00015797
 1 1 1 0 0 0 1 1    0.00055533
 1 1 1 0 0 1 0 0    0.00021040
 1 1 1 0 0 1 0 1    0.00073965
 1 1 1 0 0 1 1 0    0.00184722
 1 1 1 0 0 1 1 1    0.01598151
 1 1 1 0 1 0 0 0    0.00000261
 1 1 1 0 1 0 0 1    0.00000919
 1 1 1 0 1 0 1 0    0.00002295
 1 1 1 0 1 0 1 1    0.00019860
 1 1 1 0 1 1 0 0    0.00003057
 1 1 1 0 1 1 0 1    0.00026451
 1 1 1 0 1 1 1 0    0.00066061
 1 1 1 0 1 1 1 1    0.01696008
 1 1 1 1 0 0 0 0    0.00000856
 1 1 1 1 0 0 0 1    0.00003009
 1 1 1 1 0 0 1 0    0.00007515
 1 1 1 1 0 0 1 1    0.00065020
 1 1 1 1 0 1 0 0    0.00010010
 1 1 1 1 0 1 0 1    0.00086601
 1 1 1 1 0 1 1 0    0.00216280
 1 1 1 1 0 1 1 1    0.05552674
 1 1 1 1 1 0 0 0    0.00000124
 1 1 1 1 1 0 0 1    0.00001076
 1 1 1 1 1 0 1 0    0.00002688
 1 1 1 1 1 0 1 1    0.00069001
 1 1 1 1 1 1 0 0    0.00003580
 1 1 1 1 1 1 0 1    0.00091903
 1 1 1 1 1 1 1 0    0.00229523
 1 1 1 1 1 1 1 1    0.36538166

Tatsuoka Subtraction Data
Restricted Higher-order DINA Model

2PL Items for Group 2: D
    Item       a       c       b
       1    3.82   -0.08    0.02
       2    3.82    3.75   -0.98
       3    3.82    2.34   -0.61
       4    3.82    1.08   -0.28
       5    3.82   -0.11    0.03
       6    3.82    4.28   -1.12
       7    3.82    3.99   -1.04
       8    3.82    3.08   -0.80

Tatsuoka Subtraction Data
Restricted Higher-order DINA Model

Group Latent Variable Means:
   Group               Label   mu  1   mu  2   mu  3   mu  4   mu  5   mu  6   mu  7   mu  8   mu  9   mu 10   mu 11   mu 12   mu 13   mu 14   mu 15   mu 16   mu 17   mu 18   mu 19   mu 20   mu 21   mu 22
       1                   G    0.00    0.00    0.00    0.00    0.00    0.00    0.00    0.00    0.00    0.00    0.00    0.00    0.00    0.00    0.00    0.00    0.00    0.00    0.00    0.00    0.00    0.00
       2                   D    0.00

Latent Variable Variance-Covariance Matrix for Group  1: G
 Theta  1 Theta  2 Theta  3 Theta  4 Theta  5 Theta  6 Theta  7 Theta  8 Theta  9 Theta 10 Theta 11 Theta 12 Theta 13 Theta 14 Theta 15 Theta 16 Theta 17 Theta 18 Theta 19 Theta 20 Theta 21 Theta 22
     1.00
     0.00     1.00
     0.00     0.00     1.00
     0.00     0.00     0.00     1.00
     0.00     0.00     0.00     0.00     1.00
     0.00     0.00     0.00     0.00     0.00     1.00
     0.00     0.00     0.00     0.00     0.00     0.00     1.00
     0.00     0.00     0.00     0.00     0.00     0.00     0.00     1.00
     0.00     0.00     0.00     0.00     0.00     0.00     0.00     0.00     1.00
     0.00     0.00     0.00     0.00     0.00     0.00     0.00     0.00     0.00     1.00
     0.00     0.00     0.00     0.00     0.00     0.00     0.00     0.00     0.00     0.00     1.00
     0.00     0.00     0.00     0.00     0.00     0.00     0.00     0.00     0.00     0.00     0.00     1.00
     0.00     0.00     0.00     0.00     0.00     0.00     0.00     0.00     0.00     0.00     0.00     0.00     1.00
     0.00     0.00     0.00     0.00     0.00     0.00     0.00     0.00     0.00     0.00     0.00     0.00     0.00     1.00
     0.00     0.00     0.00     0.00     0.00     0.00     0.00     0.00     0.00     0.00     0.00     0.00     0.00     0.00     1.00
     0.00     0.00     0.00     0.00     0.00     0.00     0.00     0.00     0.00     0.00     0.00     0.00     0.00     0.00     0.00     1.00
     0.00     0.00     0.00     0.00     0.00     0.00     0.00     0.00     0.00     0.00     0.00     0.00     0.00     0.00     0.00     0.00     1.00
     0.00     0.00     0.00     0.00     0.00     0.00     0.00     0.00     0.00     0.00     0.00     0.00     0.00     0.00     0.00     0.00     0.00     1.00
     0.00     0.00     0.00     0.00     0.00     0.00     0.00     0.00     0.00     0.00     0.00     0.00     0.00     0.00     0.00     0.00     0.00     0.00     1.00
     0.00     0.00     0.00     0.00     0.00     0.00     0.00     0.00     0.00     0.00     0.00     0.00     0.00     0.00     0.00     0.00     0.00     0.00     0.00     1.00
     0.00     0.00     0.00     0.00     0.00     0.00     0.00     0.00     0.00     0.00     0.00     0.00     0.00     0.00     0.00     0.00     0.00     0.00     0.00     0.00     1.00
     0.00     0.00     0.00     0.00     0.00     0.00     0.00     0.00     0.00     0.00     0.00     0.00     0.00     0.00     0.00     0.00     0.00     0.00     0.00     0.00     0.00     1.00

Latent Variable Variance-Covariance Matrix for Group  2: D
 Theta  1
     1.00

Tatsuoka Subtraction Data
Restricted Higher-order DINA Model

Item Information Function Values at 15 Values of theta from -2.80 to 2.80 for Group 2: D
                      Theta:
  Item               Label  -2.8  -2.4  -2.0  -1.6  -1.2  -0.8  -0.4  -0.0   0.4   0.8   1.2   1.6   2.0   2.4   2.8
     1                  a1  0.00  0.00  0.01  0.03  0.13  0.58  2.03  3.64  2.25  0.67  0.16  0.03  0.01  0.00  0.00
     2                  a2  0.01  0.06  0.29  1.15  3.08  3.24  1.29  0.33  0.07  0.02  0.00  0.00  0.00  0.00  0.00
     3                  a3  0.00  0.02  0.07  0.32  1.27  3.22  3.10  1.17  0.29  0.07  0.01  0.00  0.00  0.00  0.00
     4                  a4  0.00  0.00  0.02  0.09  0.41  1.55  3.47  2.77  0.94  0.23  0.05  0.01  0.00  0.00  0.00
     5                  a5  0.00  0.00  0.01  0.03  0.13  0.57  1.99  3.64  2.29  0.69  0.16  0.04  0.01  0.00  0.00
     6                  a6  0.02  0.11  0.47  1.73  3.56  2.57  0.83  0.20  0.04  0.01  0.00  0.00  0.00  0.00  0.00
     7                  a7  0.02  0.08  0.36  1.39  3.35  2.96  1.06  0.26  0.06  0.01  0.00  0.00  0.00  0.00  0.00
     8                  a8  0.01  0.03  0.15  0.64  2.16  3.65  2.11  0.62  0.14  0.03  0.01  0.00  0.00  0.00  0.00

         Test Information:  1.07  1.31  2.37  6.38 15.10 19.35 16.87 13.62  7.09  2.73  1.40  1.09  1.02  1.00  1.00
            Expected s.e.:  0.97  0.87  0.65  0.40  0.26  0.23  0.24  0.27  0.38  0.61  0.85  0.96  0.99  1.00  1.00
Marginal reliability for response pattern scores: 0.75

Wed Nov 18 15:05:40 2020

Product: flexMIRT®
Master key: dfe1e4f6-aac2-4d7b-af27-02449fa06087
Installation key: e976fbb4-21dd-4c03-83b7-30f2a4040eec
Valid until: 1/25/2032 11:00:00 PM